5.000000000000000104e-03 9.223728781076354508e-06
1.499999999999999944e-02 4.154467645055903371e-05
2.500000000000000139e-02 7.369631279168218404e-05
3.500000000000000333e-02 1.108875636021594736e-04
4.499999999999999833e-02 1.461295458184343372e-04
5.500000000000000028e-02 2.206806952550310181e-04
6.500000000000000222e-02 3.328063616260438866e-04
7.500000000000001110e-02 3.943046580799130976e-04
8.499999999999999223e-02 4.296483513243625906e-04
9.500000000000000111e-02 4.593441016972328139e-04
1.050000000000000100e-01 4.937508341921077997e-04
1.149999999999999911e-01 5.395596970420420352e-04
1.250000000000000000e-01 5.717553367465193041e-04
1.350000000000000089e-01 5.969010561883154441e-04
1.450000000000000178e-01 6.326645862686289257e-04
1.549999999999999989e-01 7.845711217074231858e-04
1.650000000000000078e-01 1.037224353400754409e-03
1.749999999999999889e-01 1.133396620915681774e-03
1.849999999999999978e-01 1.148337206838554456e-03
1.950000000000000067e-01 1.163455452134988391e-03
2.050000000000000155e-01 1.192457708176353562e-03
2.149999999999999967e-01 1.240454833490766415e-03
2.250000000000000056e-01 1.273755414522511481e-03
2.349999999999999867e-01 1.294357880579996177e-03
2.449999999999999956e-01 1.309176649776608824e-03
2.550000000000000044e-01 1.326705549734604698e-03
2.650000000000000133e-01 1.356581173485123552e-03
2.750000000000000222e-01 1.377565866141507557e-03
2.850000000000000311e-01 1.395033319271022764e-03
2.949999999999999845e-01 1.457366188528537269e-03
3.049999999999999933e-01 1.645687032063549360e-03
3.150000000000000022e-01 1.882480537479233823e-03
3.250000000000000111e-01 2.076621461927616232e-03
3.350000000000000200e-01 2.153416892174474066e-03
3.450000000000000289e-01 2.219524252420238854e-03
3.549999999999999822e-01 2.318337129853053832e-03
3.649999999999999911e-01 2.373216318866428962e-03
3.750000000000000000e-01 2.382147064826538492e-03
3.850000000000000089e-01 2.398614919951361051e-03
3.950000000000000178e-01 2.454759339396658281e-03
4.050000000000000266e-01 2.798848818832101563e-03
4.150000000000000355e-01 3.354129216012857306e-03
4.249999999999999889e-01 3.606422334311120640e-03
4.349999999999999978e-01 3.596731438015585754e-03
4.450000000000000067e-01 3.562116755008122582e-03
4.550000000000000155e-01 3.754447631139073462e-03
4.650000000000000244e-01 4.413751882834437978e-03
4.749999999999999778e-01 4.803160809891221690e-03
4.849999999999999867e-01 4.870991749280190707e-03
4.949999999999999956e-01 4.872255651999823738e-03
5.050000000000000044e-01 5.485348513674266450e-03
5.150000000000000133e-01 7.620121815763492013e-03
5.250000000000000222e-01 8.303087489361062751e-03
5.350000000000000311e-01 8.344306964566285470e-03
5.450000000000000400e-01 8.372497649115873478e-03
5.550000000000000488e-01 9.435762110131942076e-03
5.650000000000000577e-01 1.332435209641536639e-02
5.749999999999999556e-01 1.433365597647192832e-02
5.849999999999999645e-01 1.429618469919614367e-02
5.949999999999999734e-01 1.431826805188678511e-02
6.049999999999999822e-01 1.536449294844364696e-02
6.149999999999999911e-01 1.836377753195934937e-02
6.250000000000000000e-01 1.916007411091124463e-02
6.350000000000000089e-01 1.917708195364980703e-02
6.450000000000000178e-01 1.919734359451587616e-02
6.550000000000000266e-01 1.988955188193402765e-02
6.650000000000000355e-01 2.202644980015357190e-02
6.750000000000000444e-01 2.267858320550248177e-02
6.850000000000000533e-01 2.270921613389109694e-02
6.950000000000000622e-01 2.265523884540495206e-02
7.050000000000000711e-01 2.270356683128823064e-02
7.149999999999999689e-01 2.291009185615057800e-02
7.249999999999999778e-01 2.293588795790557633e-02
7.349999999999999867e-01 2.288598429442674845e-02
7.449999999999999956e-01 2.287748829196513747e-02
7.550000000000000044e-01 2.273484384189072491e-02
7.650000000000000133e-01 2.203205388608092674e-02
7.750000000000000222e-01 2.186783478119211019e-02
7.850000000000000311e-01 2.183127750886012033e-02
7.950000000000000400e-01 2.179067483453284854e-02
8.050000000000000488e-01 2.159582511788406961e-02
8.150000000000000577e-01 2.074565976559089586e-02
8.250000000000000666e-01 2.054501815440675297e-02
8.349999999999999645e-01 2.050460622396040392e-02
8.449999999999999734e-01 2.046399314860823659e-02
8.549999999999999822e-01 1.970185484127840586e-02
8.649999999999999911e-01 1.655183547137750733e-02
8.750000000000000000e-01 1.590296592709090212e-02
8.850000000000000089e-01 1.585097906532207529e-02
8.950000000000000178e-01 1.577652971042280833e-02
9.050000000000000266e-01 1.547629484019721717e-02
9.150000000000000355e-01 1.430611870709350836e-02
9.250000000000000444e-01 1.387803702354758160e-02
9.350000000000000533e-01 1.385011794295583701e-02
9.450000000000000622e-01 1.379251022265075982e-02
9.550000000000000711e-01 1.295443385333854350e-02
9.649999999999999689e-01 9.840840591125330980e-03
9.749999999999999778e-01 8.992802401163893164e-03
9.849999999999999867e-01 8.941562144630679082e-03
9.949999999999999956e-01 8.962654110754596920e-03
1.004999999999999893e+00 7.762792755896526058e-03
1.015000000000000124e+00 4.160743625171635547e-03
1.024999999999999911e+00 3.251433237663804189e-03
1.035000000000000142e+00 3.208031631799747579e-03
1.044999999999999929e+00 3.172154599450919404e-03
1.055000000000000160e+00 2.838260193469135245e-03
1.064999999999999947e+00 1.800479688058347289e-03
1.075000000000000178e+00 1.499348403541183932e-03
1.084999999999999964e+00 1.480566138619806606e-03
1.095000000000000195e+00 1.471387179165384350e-03
1.104999999999999982e+00 1.426351310370013075e-03
1.115000000000000213e+00 1.280685985254157713e-03
1.125000000000000000e+00 1.240218553433412125e-03
1.135000000000000231e+00 1.233125667497015840e-03
1.145000000000000018e+00 1.223286791691931708e-03
1.155000000000000027e+00 1.093660068297388566e-03
1.165000000000000036e+00 7.007611432430151544e-04
1.174999999999999822e+00 5.929931686396710134e-04
1.185000000000000053e+00 5.861537954520965087e-04
1.194999999999999840e+00 5.803187539699057379e-04
1.205000000000000071e+00 5.630795978932980972e-04
1.214999999999999858e+00 5.225707960095979506e-04
1.225000000000000089e+00 5.051105258363837881e-04
1.234999999999999876e+00 4.950929033540714874e-04
1.245000000000000107e+00 4.743942631001939192e-04
1.254999999999999893e+00 4.070399711197850005e-04
1.265000000000000124e+00 2.718649410839240840e-04
1.274999999999999911e+00 2.086277879469949708e-04
1.285000000000000142e+00 1.937974117298800090e-04
1.294999999999999929e+00 1.850201223848323172e-04
1.305000000000000160e+00 1.687778972266400169e-04
1.314999999999999947e+00 1.409150321906329194e-04
1.325000000000000178e+00 1.251627728493857309e-04
1.334999999999999964e+00 1.200017084235842856e-04
1.345000000000000195e+00 1.209389297826560456e-04
1.354999999999999982e+00 1.276800046843560091e-04
1.365000000000000213e+00 1.428974832731373938e-04
1.375000000000000000e+00 1.511784668631109909e-04
1.385000000000000231e+00 1.551814559222738422e-04
1.395000000000000018e+00 1.617709121887002171e-04
1.405000000000000027e+00 1.864077690173346000e-04
1.415000000000000036e+00 2.382210938247020986e-04
1.424999999999999822e+00 2.642432671025639682e-04
1.435000000000000053e+00 2.593786554041251189e-04
1.444999999999999840e+00 2.444769009072615337e-04
1.455000000000000071e+00 2.250003614698806327e-04
1.464999999999999858e+00 2.034357170140296584e-04
1.475000000000000089e+00 1.817123233070780202e-04
1.484999999999999876e+00 1.698397050747973188e-04
1.495000000000000107e+00 1.549649449509643757e-04
1.504999999999999893e+00 1.360938060802553055e-04
1.515000000000000124e+00 1.177212307740535600e-04
1.524999999999999911e+00 1.006359943366376733e-04
1.535000000000000142e+00 9.053217852351897247e-05
1.544999999999999929e+00 8.671619046719541578e-05
1.555000000000000160e+00 8.615609003177333001e-05
1.564999999999999947e+00 8.683920001579385794e-05
1.575000000000000178e+00 8.754396586618817550e-05
1.584999999999999964e+00 8.744733751190653006e-05
1.595000000000000195e+00 8.782296200000743217e-05
1.604999999999999982e+00 8.740868059083693015e-05
1.615000000000000213e+00 8.671829869622169290e-05
1.625000000000000000e+00 8.404199139340353222e-05
1.635000000000000231e+00 7.991023184935258173e-05
1.645000000000000018e+00 7.304384052501326340e-05
1.655000000000000249e+00 6.651578319970841168e-05
1.665000000000000036e+00 5.897310150498335943e-05
1.674999999999999822e+00 5.257651574831125881e-05
1.685000000000000053e+00 4.801569747373182599e-05
1.694999999999999840e+00 4.610662926557077121e-05
1.705000000000000071e+00 4.693203549556483151e-05
1.714999999999999858e+00 4.834121787585666911e-05
1.725000000000000089e+00 5.007527636862341841e-05
1.734999999999999876e+00 5.081131699209592801e-05
1.745000000000000107e+00 4.992165961972618872e-05
1.754999999999999893e+00 4.856069593744456346e-05
1.765000000000000124e+00 4.601215836637938993e-05
1.774999999999999911e+00 4.300929683729008706e-05
1.785000000000000142e+00 4.162187426213451603e-05
1.794999999999999929e+00 4.136482910852112268e-05
1.805000000000000160e+00 4.105067652059583876e-05
1.814999999999999947e+00 4.117436322945594210e-05
1.825000000000000178e+00 4.124705924034916449e-05
1.834999999999999964e+00 4.046709863825999885e-05
1.845000000000000195e+00 3.883868532982820947e-05
1.854999999999999982e+00 3.580010197514630688e-05
1.865000000000000213e+00 3.333526019049373528e-05
1.875000000000000000e+00 3.082063748372908008e-05
1.885000000000000231e+00 2.825640003404387981e-05
1.895000000000000018e+00 2.752738086776632364e-05
1.905000000000000249e+00 2.828402250953058819e-05
1.915000000000000036e+00 2.909711672276521797e-05
1.924999999999999822e+00 2.971744559076030425e-05
1.935000000000000053e+00 3.031756243697192600e-05
1.944999999999999840e+00 3.026797052248002558e-05
1.955000000000000071e+00 2.939171969946198336e-05
1.964999999999999858e+00 2.869435697679183930e-05
1.975000000000000089e+00 2.769024830958478840e-05
1.984999999999999876e+00 2.701180439348215787e-05
1.995000000000000107e+00 2.612000092265849566e-05
2.004999999999999893e+00 2.541105518626444746e-05
2.015000000000000124e+00 2.469713109568523194e-05
2.025000000000000355e+00 2.438155531476907876e-05
2.035000000000000142e+00 2.399880148601318426e-05
2.044999999999999929e+00 2.534899059594031645e-05
2.054999999999999716e+00 2.898098421437687855e-05
2.064999999999999947e+00 3.513683503577080564e-05
2.075000000000000178e+00 3.585378051834377461e-05
2.084999999999999964e+00 3.595167401143171818e-05
2.094999999999999751e+00 3.508163995348077683e-05
2.104999999999999982e+00 3.249715760681450526e-05
2.115000000000000213e+00 2.890817211256457891e-05
2.125000000000000000e+00 2.611081110513135522e-05
2.134999999999999787e+00 2.220059176551287441e-05
2.145000000000000018e+00 1.985155883505620962e-05
2.155000000000000249e+00 1.881139301719260892e-05
2.165000000000000036e+00 1.799711350242995232e-05
2.174999999999999822e+00 1.709943318985371872e-05
2.185000000000000053e+00 1.611220795474897907e-05
2.195000000000000284e+00 1.553377725121335065e-05
2.205000000000000071e+00 1.477466411290081575e-05
2.214999999999999858e+00 1.384495410613213689e-05
2.225000000000000089e+00 1.305471529717054207e-05
2.235000000000000320e+00 1.285136472115230302e-05
2.245000000000000107e+00 1.298775939781146388e-05
2.254999999999999893e+00 1.338182170215150422e-05
2.265000000000000124e+00 1.383851452498103557e-05
2.275000000000000355e+00 1.429129370899131264e-05
2.285000000000000142e+00 1.446241340205547550e-05
2.294999999999999929e+00 1.472160007656718900e-05
2.305000000000000160e+00 1.535723015065118072e-05
2.314999999999999947e+00 1.604232808596212846e-05
2.325000000000000178e+00 1.657664437222943523e-05
2.334999999999999964e+00 1.669138091988230668e-05
2.344999999999999751e+00 1.587728076988615869e-05
2.354999999999999982e+00 1.517743211600937049e-05
2.365000000000000213e+00 1.406596335609411059e-05
2.375000000000000000e+00 1.286409550953210770e-05
2.384999999999999787e+00 1.195079793566865270e-05
2.395000000000000018e+00 1.132920585788147442e-05
2.405000000000000249e+00 1.056581931981575965e-05
2.415000000000000036e+00 9.740969237801856126e-06
2.424999999999999822e+00 9.134276914185549185e-06
2.435000000000000053e+00 9.023989858130591909e-06
2.445000000000000284e+00 9.647829747577076556e-06
2.455000000000000071e+00 1.069608504685031195e-05
2.464999999999999858e+00 1.223951071929343583e-05
2.475000000000000089e+00 1.354579699647821837e-05
2.485000000000000320e+00 1.496748476381192274e-05
2.495000000000000107e+00 1.684906020071236975e-05
2.504999999999999893e+00 1.818553647777757272e-05
2.515000000000000124e+00 2.166191464606100252e-05
2.525000000000000355e+00 2.348848211132030349e-05
2.535000000000000142e+00 2.493529435789259115e-05
2.544999999999999929e+00 2.494054356598400735e-05
2.555000000000000160e+00 2.026935931932066442e-05
2.564999999999999947e+00 1.758884533886271320e-05
2.575000000000000178e+00 1.343856687907660586e-05
2.584999999999999964e+00 1.196958341525389919e-05
2.594999999999999751e+00 1.160880338165929827e-05
2.604999999999999982e+00 1.146361109338621921e-05
2.615000000000000213e+00 1.176814846872040754e-05
2.625000000000000000e+00 1.224853969397612967e-05
2.634999999999999787e+00 1.249040006034224418e-05
2.645000000000000018e+00 1.260919478758832045e-05
2.655000000000000249e+00 1.238176381630220506e-05
2.665000000000000036e+00 1.139017312356898065e-05
2.674999999999999822e+00 1.097102351940712887e-05
2.685000000000000053e+00 1.103209174720324263e-05
2.695000000000000284e+00 1.111618938922885297e-05
2.705000000000000071e+00 1.123421869015797395e-05
2.714999999999999858e+00 1.136912781932998236e-05
2.725000000000000089e+00 1.199255974141597929e-05
2.735000000000000320e+00 1.207167846580864382e-05
2.745000000000000107e+00 1.195565044345909319e-05
2.754999999999999893e+00 1.182166226582582711e-05
2.765000000000000124e+00 1.232041841189516030e-05
2.775000000000000355e+00 1.165136428753092586e-05
2.785000000000000142e+00 1.201371931623862447e-05
2.794999999999999929e+00 1.300478994853513757e-05
2.805000000000000160e+00 1.537143617774683335e-05
2.814999999999999947e+00 2.017388295337003691e-05
2.825000000000000178e+00 2.033795355501020601e-05
2.834999999999999964e+00 2.068458293641030791e-05
2.844999999999999751e+00 1.904087114588508414e-05
2.854999999999999982e+00 1.643248469270364103e-05
2.865000000000000213e+00 1.373505500705119039e-05
2.875000000000000000e+00 1.158953961090043590e-05
2.884999999999999787e+00 1.061631580443404049e-05
2.895000000000000018e+00 9.683710557142992924e-06
2.905000000000000249e+00 9.004008950147013751e-06
2.915000000000000036e+00 8.466588790965879886e-06
2.924999999999999822e+00 8.194621512764190127e-06
2.935000000000000053e+00 8.031397808804909550e-06
2.945000000000000284e+00 7.995332899441484942e-06
2.955000000000000071e+00 7.986216965427299643e-06
2.964999999999999858e+00 7.842314394971256028e-06
2.975000000000000089e+00 8.195388071367325106e-06
2.985000000000000320e+00 8.509107228450085299e-06
2.995000000000000107e+00 2.361377621299486475e-04
