5.000000000000000104e-03 3.913027389761095272e-03
1.499999999999999944e-02 4.740970613722474483e-03
2.500000000000000139e-02 5.145612522950392988e-03
3.500000000000000333e-02 6.047926029091012928e-03
4.499999999999999833e-02 7.161379505987731584e-03
5.500000000000000028e-02 8.022212794785403209e-03
6.500000000000000222e-02 9.032188099377072565e-03
7.500000000000001110e-02 1.029422869740186618e-02
8.499999999999999223e-02 1.154590468335723631e-02
9.500000000000000111e-02 1.264396531376610518e-02
1.050000000000000100e-01 1.429202597593869431e-02
1.149999999999999911e-01 1.580025599827481961e-02
1.250000000000000000e-01 1.760582701024994076e-02
1.350000000000000089e-01 1.887790634483759930e-02
1.450000000000000178e-01 2.094090270297438439e-02
1.549999999999999989e-01 2.312801085283474820e-02
1.650000000000000078e-01 2.535033485509041035e-02
1.749999999999999889e-01 2.740758072157730568e-02
1.849999999999999978e-01 2.987230509832914174e-02
1.950000000000000067e-01 3.173784510105517875e-02
2.050000000000000155e-01 3.229983829745403101e-02
2.149999999999999967e-01 3.350109230828133416e-02
2.250000000000000056e-01 3.502834520125604895e-02
2.349999999999999867e-01 3.645736148109347124e-02
2.449999999999999956e-01 3.825366501796011176e-02
2.550000000000000044e-01 3.905495388609787899e-02
2.650000000000000133e-01 3.879224041707846071e-02
2.750000000000000222e-01 3.824850594915871899e-02
2.850000000000000311e-01 3.747710532820855422e-02
2.949999999999999845e-01 3.659129450707312992e-02
3.049999999999999933e-01 3.552819083010499285e-02
3.150000000000000022e-01 3.506887121069567764e-02
3.250000000000000111e-01 3.384491965989678414e-02
3.350000000000000200e-01 3.453701378799613197e-02
3.450000000000000289e-01 3.599880180428558646e-02
3.549999999999999822e-01 3.766515949155996995e-02
3.649999999999999911e-01 3.953729410942656564e-02
3.750000000000000000e-01 4.118955275340850652e-02
3.850000000000000089e-01 4.207404655087460671e-02
3.950000000000000178e-01 4.221889960444100143e-02
4.050000000000000266e-01 4.137778269015422727e-02
4.150000000000000355e-01 4.019754302445135985e-02
4.249999999999999889e-01 4.078835714257789125e-02
4.349999999999999978e-01 4.259050837887773389e-02
4.450000000000000067e-01 4.470839244376735577e-02
4.550000000000000155e-01 4.757737535245907395e-02
4.650000000000000244e-01 5.262901922213102796e-02
4.749999999999999778e-01 5.734615808948633625e-02
4.849999999999999867e-01 6.047516988687472866e-02
4.949999999999999956e-01 6.391815741828330011e-02
5.050000000000000044e-01 6.572905201659705321e-02
5.150000000000000133e-01 6.713982425043482638e-02
5.250000000000000222e-01 6.915522118262891482e-02
5.350000000000000311e-01 7.185912612356983031e-02
5.450000000000000400e-01 7.479385538924464283e-02
5.550000000000000488e-01 7.882272045805288618e-02
5.650000000000000577e-01 8.247148391595898742e-02
5.749999999999999556e-01 8.705700503413553448e-02
5.849999999999999645e-01 9.108409904185973960e-02
5.949999999999999734e-01 9.595503716364491009e-02
6.049999999999999822e-01 1.018640713432216460e-01
6.149999999999999911e-01 1.082570254331646636e-01
6.250000000000000000e-01 1.145416921926559334e-01
6.350000000000000089e-01 1.228777118116184258e-01
6.450000000000000178e-01 1.334933656999626461e-01
6.550000000000000266e-01 1.439596270685971624e-01
6.650000000000000355e-01 1.534622318588845791e-01
6.750000000000000444e-01 1.623960113364982805e-01
6.850000000000000533e-01 1.733808724516199828e-01
6.950000000000000622e-01 1.842860262722278153e-01
7.050000000000000711e-01 2.005873547111229060e-01
7.149999999999999689e-01 2.195921279658343550e-01
7.249999999999999778e-01 2.424632787507313980e-01
7.349999999999999867e-01 2.713886013061457270e-01
7.449999999999999956e-01 3.056384532478993998e-01
7.550000000000000044e-01 3.440510727654711998e-01
7.650000000000000133e-01 3.860011736209166266e-01
7.750000000000000222e-01 4.384080123722743916e-01
7.850000000000000311e-01 4.975664216905622550e-01
7.950000000000000400e-01 5.592473454460586968e-01
8.050000000000000488e-01 6.358634171807154845e-01
8.150000000000000577e-01 7.272400777324757870e-01
8.250000000000000666e-01 8.301678210467956509e-01
8.349999999999999645e-01 9.468852734351861367e-01
8.449999999999999734e-01 1.078083243593460194e+00
8.549999999999999822e-01 1.232418977295212992e+00
8.649999999999999911e-01 1.418709731823414089e+00
8.750000000000000000e-01 1.669252762820522484e+00
8.850000000000000089e-01 1.989207379274989362e+00
8.950000000000000178e-01 2.356045750806616379e+00
9.050000000000000266e-01 2.762135563739906541e+00
9.150000000000000355e-01 3.175878833392333345e+00
9.250000000000000444e-01 3.569107989209955090e+00
9.350000000000000533e-01 3.911657598477396469e+00
9.450000000000000622e-01 4.194369407205889466e+00
9.550000000000000711e-01 4.384052326648468778e+00
9.649999999999999689e-01 4.469096385168079166e+00
9.749999999999999778e-01 4.477427892815580179e+00
9.849999999999999867e-01 4.420845925877672222e+00
9.949999999999999956e-01 4.310694237520093175e+00
1.004999999999999893e+00 4.150615504132016298e+00
1.015000000000000124e+00 3.951509299201476200e+00
1.024999999999999911e+00 3.735504545661042286e+00
1.035000000000000142e+00 3.504324353509732592e+00
1.044999999999999929e+00 3.254649726471372073e+00
1.055000000000000160e+00 2.972742482378207374e+00
1.064999999999999947e+00 2.681061498740670235e+00
1.075000000000000178e+00 2.372933467247082095e+00
1.084999999999999964e+00 2.068819517044216738e+00
1.095000000000000195e+00 1.763924405046007671e+00
1.104999999999999982e+00 1.471797230918839183e+00
1.115000000000000213e+00 1.218981982697883382e+00
1.125000000000000000e+00 1.012114343116722326e+00
1.135000000000000231e+00 8.380867515027788928e-01
1.145000000000000018e+00 6.970372408828880983e-01
1.155000000000000027e+00 5.829250308023140592e-01
1.165000000000000036e+00 4.887133826211519372e-01
1.174999999999999822e+00 4.128309100006802845e-01
1.185000000000000053e+00 3.480946167532504854e-01
1.194999999999999840e+00 2.998109384070159478e-01
1.205000000000000071e+00 2.574295644546445438e-01
1.214999999999999858e+00 2.216198787152625638e-01
1.225000000000000089e+00 1.906889944782516888e-01
1.234999999999999876e+00 1.623189230133819383e-01
1.245000000000000107e+00 1.393887995101198429e-01
1.254999999999999893e+00 1.218248615158616655e-01
1.265000000000000124e+00 1.074737789089646040e-01
1.274999999999999911e+00 9.743320072107858332e-02
1.285000000000000142e+00 8.944289874945940411e-02
1.294999999999999929e+00 8.272559472941502789e-02
1.305000000000000160e+00 7.605839566469657642e-02
1.314999999999999947e+00 7.103469747686680380e-02
1.325000000000000178e+00 6.688074582872140239e-02
1.334999999999999964e+00 6.373561682990502852e-02
1.345000000000000195e+00 6.012995999056044288e-02
1.354999999999999982e+00 5.569704458931046959e-02
1.365000000000000213e+00 5.201266118932128257e-02
1.375000000000000000e+00 4.846432253917939276e-02
1.385000000000000231e+00 4.536654659873455564e-02
1.395000000000000018e+00 4.257724560076442399e-02
1.405000000000000027e+00 4.031789825283673551e-02
1.415000000000000036e+00 3.760754542215204166e-02
1.424999999999999822e+00 3.444975156305115499e-02
1.435000000000000053e+00 3.140088636018178309e-02
1.444999999999999840e+00 2.827545331247811877e-02
1.455000000000000071e+00 2.518324048471626622e-02
1.464999999999999858e+00 2.293292117322839885e-02
1.475000000000000089e+00 2.080801562473601554e-02
1.484999999999999876e+00 1.924304486360131974e-02
1.495000000000000107e+00 1.775722671366171401e-02
1.504999999999999893e+00 1.635780121168475473e-02
1.515000000000000124e+00 1.477221715540788689e-02
1.524999999999999911e+00 1.351183785573794108e-02
1.535000000000000142e+00 1.254038087679058486e-02
1.544999999999999929e+00 1.142576406158071593e-02
1.555000000000000160e+00 1.023506347750742854e-02
1.564999999999999947e+00 9.317127327566109354e-03
1.575000000000000178e+00 8.194942132283333791e-03
1.584999999999999964e+00 7.275828885408943889e-03
