5.000000000000000104e-03 4.237383395372222757e-03
1.499999999999999944e-02 4.308821575342897461e-03
2.500000000000000139e-02 4.264897530156111852e-03
3.500000000000000333e-02 4.244575990847512109e-03
4.499999999999999833e-02 4.363792977883365447e-03
5.500000000000000028e-02 4.545667723836078512e-03
6.500000000000000222e-02 4.581102471293284004e-03
7.500000000000001110e-02 5.049545952448918247e-03
8.499999999999999223e-02 5.457832209571866940e-03
9.500000000000000111e-02 5.977373246117555390e-03
1.050000000000000100e-01 6.611192056825592085e-03
1.149999999999999911e-01 7.149187892128444459e-03
1.250000000000000000e-01 8.259523559327651421e-03
1.350000000000000089e-01 9.460542050949096241e-03
1.450000000000000178e-01 1.116486462990285387e-02
1.549999999999999989e-01 1.349296738338768425e-02
1.650000000000000078e-01 1.570362278246976301e-02
1.749999999999999889e-01 1.889799467101402689e-02
1.849999999999999978e-01 2.233913900213903986e-02
1.950000000000000067e-01 2.716677954065816955e-02
2.050000000000000155e-01 3.336797015590488996e-02
2.149999999999999967e-01 3.955225745148713279e-02
2.250000000000000056e-01 4.776148586340318858e-02
2.349999999999999867e-01 5.591641820315573774e-02
2.449999999999999956e-01 6.609778212139547082e-02
2.550000000000000044e-01 7.703505414017165764e-02
2.650000000000000133e-01 8.813314470761578201e-02
2.750000000000000222e-01 1.003783819015470757e-01
2.850000000000000311e-01 1.133826284264444761e-01
2.949999999999999845e-01 1.257378789201912817e-01
3.049999999999999933e-01 1.375235584429104485e-01
3.150000000000000022e-01 1.499260670044628152e-01
3.250000000000000111e-01 1.634681142468798198e-01
3.350000000000000200e-01 1.763111552502341639e-01
3.450000000000000289e-01 1.881946465850823647e-01
3.549999999999999822e-01 1.972697725810511338e-01
3.649999999999999911e-01 2.062616391714845454e-01
3.750000000000000000e-01 2.151528764988580589e-01
3.850000000000000089e-01 2.226991334135327016e-01
3.950000000000000178e-01 2.302975211997664862e-01
4.050000000000000266e-01 2.361134359869624388e-01
4.150000000000000355e-01 2.426360843792807476e-01
4.249999999999999889e-01 2.488501676470882551e-01
4.349999999999999978e-01 2.560068041917240023e-01
4.450000000000000067e-01 2.657593253996862748e-01
4.550000000000000155e-01 2.780016995133648972e-01
4.650000000000000244e-01 2.949503243047078560e-01
4.749999999999999778e-01 3.194429333379553704e-01
4.849999999999999867e-01 3.580774381025227937e-01
4.949999999999999956e-01 4.202002699647880979e-01
5.050000000000000044e-01 5.186461258607436564e-01
5.150000000000000133e-01 6.868450678706392587e-01
5.250000000000000222e-01 9.893828736269875135e-01
5.350000000000000311e-01 1.504343363220692620e+00
5.450000000000000400e-01 2.316055942539299917e+00
5.550000000000000488e-01 3.393221257748406661e+00
5.650000000000000577e-01 4.178601381722795161e+00
5.749999999999999556e-01 4.741399172993402189e+00
5.849999999999999645e-01 5.133036640760814784e+00
5.949999999999999734e-01 5.442996739269652551e+00
6.049999999999999822e-01 5.698937745854017578e+00
6.149999999999999911e-01 5.891196285604474170e+00
6.250000000000000000e-01 5.997627510004233997e+00
6.350000000000000089e-01 6.010992262113654228e+00
6.450000000000000178e-01 5.935715874509512879e+00
6.550000000000000266e-01 5.757152870745120055e+00
6.650000000000000355e-01 5.443596447341696454e+00
6.750000000000000444e-01 4.969859810076408202e+00
6.850000000000000533e-01 4.346852648634952132e+00
6.950000000000000622e-01 3.638423445749181973e+00
7.050000000000000711e-01 2.886723004667071990e+00
7.149999999999999689e-01 2.226959942285949179e+00
7.249999999999999778e-01 1.659067061148052913e+00
7.349999999999999867e-01 1.197097616446466173e+00
7.449999999999999956e-01 8.495314234146819077e-01
7.550000000000000044e-01 5.902216302332655706e-01
7.650000000000000133e-01 4.093767997143461512e-01
7.750000000000000222e-01 2.869665538273655780e-01
7.850000000000000311e-01 2.143822851113739991e-01
7.950000000000000400e-01 1.678680174787445800e-01
8.050000000000000488e-01 1.356681340532782110e-01
8.150000000000000577e-01 1.121952959921300036e-01
8.250000000000000666e-01 9.530558875287964415e-02
8.349999999999999645e-01 8.243437719008282760e-02
8.449999999999999734e-01 7.104068678818645233e-02
8.549999999999999822e-01 6.167080145065965274e-02
8.649999999999999911e-01 5.449636551141869706e-02
8.750000000000000000e-01 4.953490210703000857e-02
8.850000000000000089e-01 4.479311695049943004e-02
8.950000000000000178e-01 4.045521973422780415e-02
9.050000000000000266e-01 3.515250939063590402e-02
9.150000000000000355e-01 3.089901894158965726e-02
9.250000000000000444e-01 2.648931310606587528e-02
9.350000000000000533e-01 2.312655781414939618e-02
9.450000000000000622e-01 2.040372020743467033e-02
9.550000000000000711e-01 1.820693164088474369e-02
9.649999999999999689e-01 1.627848246724828210e-02
9.749999999999999778e-01 1.487315906908660661e-02
9.849999999999999867e-01 1.384957654503725898e-02
9.949999999999999956e-01 1.262646469642159791e-02
1.004999999999999893e+00 1.188616659849215350e-02
1.015000000000000124e+00 1.111526340929897341e-02
1.024999999999999911e+00 1.053621930749937090e-02
1.035000000000000142e+00 9.994305896793941393e-03
1.044999999999999929e+00 9.723520097520596886e-03
1.055000000000000160e+00 9.077982602157868772e-03
1.064999999999999947e+00 8.492759928047559706e-03
1.075000000000000178e+00 8.304291199537464779e-03
1.084999999999999964e+00 8.086024668005788521e-03
1.095000000000000195e+00 7.760824416182341562e-03
1.104999999999999982e+00 7.510008453370141217e-03
1.115000000000000213e+00 7.184465818662008965e-03
1.125000000000000000e+00 6.818267983000785189e-03
1.135000000000000231e+00 6.182683814905640812e-03
1.145000000000000018e+00 5.612410632586984499e-03
1.155000000000000027e+00 5.202419190325815665e-03
1.165000000000000036e+00 4.859311989329288470e-03
1.174999999999999822e+00 4.537043826666944252e-03
1.185000000000000053e+00 4.238409225794047795e-03
1.194999999999999840e+00 3.938561408042583374e-03
1.205000000000000071e+00 3.573658497386061113e-03
1.214999999999999858e+00 3.412490819969948071e-03
1.225000000000000089e+00 3.248438963665503925e-03
1.234999999999999876e+00 3.089270754170773872e-03
1.245000000000000107e+00 2.831811862633332004e-03
1.254999999999999893e+00 2.379285408518298263e-03
1.265000000000000124e+00 2.038387232162148024e-03
1.274999999999999911e+00 1.777871184320112003e-03
1.285000000000000142e+00 1.508566462128780369e-03
1.294999999999999929e+00 1.362586613052226220e-03
1.305000000000000160e+00 1.304114138928190881e-03
1.314999999999999947e+00 1.313938439872479758e-03
1.325000000000000178e+00 1.242093901952676495e-03
1.334999999999999964e+00 1.278538032346326209e-03
1.345000000000000195e+00 1.341862593046178010e-03
1.354999999999999982e+00 1.311079988093388944e-03
1.365000000000000213e+00 1.404617800550269019e-03
1.375000000000000000e+00 1.359130329395794772e-03
1.385000000000000231e+00 1.414442495729127799e-03
1.395000000000000018e+00 1.512458137679118051e-03
1.405000000000000027e+00 1.710788429590914253e-03
1.415000000000000036e+00 1.956692651016687066e-03
1.424999999999999822e+00 1.924871630524239248e-03
1.435000000000000053e+00 1.907371839899628298e-03
1.444999999999999840e+00 1.892104810484351862e-03
1.455000000000000071e+00 1.758246162623919740e-03
1.464999999999999858e+00 1.645970821742778279e-03
1.475000000000000089e+00 1.702325979759964757e-03
1.484999999999999876e+00 1.764539314730685388e-03
1.495000000000000107e+00 1.941706915705255837e-03
1.504999999999999893e+00 1.918545225578827335e-03
1.515000000000000124e+00 1.832686240226331269e-03
1.524999999999999911e+00 1.488572334073235944e-03
1.535000000000000142e+00 1.243389137586951940e-03
1.544999999999999929e+00 9.786320206088946951e-04
1.555000000000000160e+00 8.051728348967100843e-04
1.564999999999999947e+00 6.241691902307914533e-04
1.575000000000000178e+00 5.587868539421233117e-04
1.584999999999999964e+00 6.754728887162049977e-04
