5.000000000000000104e-03 1.335063241418652743e-05
1.499999999999999944e-02 7.883854959907723873e-04
2.500000000000000139e-02 1.607476819015587815e-03
3.500000000000000333e-02 2.312284755204012561e-03
4.499999999999999833e-02 3.028549093739751376e-03
5.500000000000000028e-02 4.901270712010971989e-03
6.500000000000000222e-02 1.103130129713022177e-02
7.500000000000001110e-02 1.200281150703813408e-02
8.499999999999999223e-02 1.189775418764548245e-02
9.500000000000000111e-02 1.210289177922633554e-02
1.050000000000000100e-01 1.359093731819138555e-02
1.149999999999999911e-01 1.645944292120292071e-02
1.250000000000000000e-01 1.759807716244836395e-02
1.350000000000000089e-01 1.774046064029816475e-02
1.450000000000000178e-01 1.834076105589210748e-02
1.549999999999999989e-01 2.038097548026951075e-02
1.650000000000000078e-01 2.384495975263337120e-02
1.749999999999999889e-01 2.597634070061064296e-02
1.849999999999999978e-01 2.638636203332716396e-02
1.950000000000000067e-01 2.659870869071983071e-02
2.050000000000000155e-01 2.707118271230816997e-02
2.149999999999999967e-01 2.765134353366262981e-02
2.250000000000000056e-01 2.803161205958623961e-02
2.349999999999999867e-01 2.832132036501725306e-02
2.449999999999999956e-01 2.828270396217500912e-02
2.550000000000000044e-01 2.757770123565744455e-02
2.650000000000000133e-01 2.642241132676285270e-02
2.750000000000000222e-01 2.551372319966466531e-02
2.850000000000000311e-01 2.512143558486206948e-02
2.949999999999999845e-01 2.451498342669516592e-02
3.049999999999999933e-01 2.354954669959237468e-02
3.150000000000000022e-01 2.231642797262694405e-02
3.250000000000000111e-01 2.138434014581895581e-02
3.350000000000000200e-01 2.095905329336876857e-02
3.450000000000000289e-01 2.094249701455572557e-02
3.549999999999999822e-01 2.086409277283271524e-02
3.649999999999999911e-01 2.069605101583833762e-02
3.750000000000000000e-01 2.034344803832648790e-02
3.850000000000000089e-01 1.973355689128902107e-02
3.950000000000000178e-01 1.879975251159609825e-02
4.050000000000000266e-01 1.777715026916442537e-02
4.150000000000000355e-01 1.656907752647289803e-02
4.249999999999999889e-01 1.533881256559530351e-02
4.349999999999999978e-01 1.441382293756551455e-02
4.450000000000000067e-01 1.356051973262718119e-02
4.550000000000000155e-01 1.264659907999403712e-02
4.650000000000000244e-01 1.140358734763961129e-02
4.749999999999999778e-01 1.003785423992749511e-02
4.849999999999999867e-01 9.582804490026826730e-03
4.949999999999999956e-01 9.157320512285935937e-03
5.050000000000000044e-01 8.901109431589136756e-03
5.150000000000000133e-01 8.627830129689546823e-03
5.250000000000000222e-01 8.459144524773996865e-03
5.350000000000000311e-01 8.443801687329520467e-03
5.450000000000000400e-01 8.360858841324031801e-03
5.550000000000000488e-01 7.480692475232668046e-03
5.650000000000000577e-01 5.730529617663554683e-03
5.749999999999999556e-01 4.673035608035724063e-03
5.849999999999999645e-01 4.444076031418949836e-03
5.949999999999999734e-01 4.370961910040895536e-03
6.049999999999999822e-01 3.937594096490538639e-03
6.149999999999999911e-01 2.848167162973429430e-03
6.250000000000000000e-01 2.384337466198259512e-03
6.350000000000000089e-01 2.337500183714710279e-03
6.450000000000000178e-01 2.329077554725002622e-03
6.550000000000000266e-01 2.205943281441266265e-03
6.650000000000000355e-01 1.855528732087384372e-03
6.750000000000000444e-01 1.731787793822942966e-03
6.850000000000000533e-01 1.734472440915538378e-03
6.950000000000000622e-01 1.711117084890752911e-03
7.050000000000000711e-01 1.399845808695995408e-03
7.149999999999999689e-01 6.576696333856657962e-04
7.249999999999999778e-01 3.999006492591818075e-04
7.349999999999999867e-01 3.883605255423188394e-04
7.449999999999999956e-01 3.904806322493538525e-04
7.550000000000000044e-01 3.593458694194365190e-04
7.650000000000000133e-01 2.815590710714250774e-04
7.750000000000000222e-01 2.543680457642262180e-04
7.850000000000000311e-01 2.547839372263763853e-04
7.950000000000000400e-01 2.565743162969073127e-04
8.050000000000000488e-01 2.290644535803612191e-04
8.150000000000000577e-01 1.576406177755040265e-04
8.250000000000000666e-01 1.234247235584410435e-04
8.349999999999999645e-01 1.189763963676604891e-04
8.449999999999999734e-01 1.158819553878320764e-04
8.549999999999999822e-01 7.681642121638753893e-05
8.649999999999999911e-01 -2.212694679640471297e-05
8.750000000000000000e-01 -6.586597744450965633e-05
8.850000000000000089e-01 -6.771413635413950946e-05
8.950000000000000178e-01 -6.460317019826926051e-05
9.050000000000000266e-01 -4.597606950892860314e-05
9.150000000000000355e-01 -9.720063883888833888e-06
9.250000000000000444e-01 6.029904117613319691e-06
9.350000000000000533e-01 1.035750804294443040e-05
9.450000000000000622e-01 1.348402117950928094e-05
9.550000000000000711e-01 1.668378931548199280e-05
9.649999999999999689e-01 3.171848518399830095e-05
9.749999999999999778e-01 4.256316536776711328e-05
9.849999999999999867e-01 4.882477488663665985e-05
9.949999999999999956e-01 5.462463343380202422e-05
1.004999999999999893e+00 3.684656626869216712e-05
1.015000000000000124e+00 -1.770850030054867382e-05
1.024999999999999911e+00 -3.669625361351939536e-05
1.035000000000000142e+00 -3.277608378000623367e-05
1.044999999999999929e+00 -2.723187459882693844e-05
1.055000000000000160e+00 -1.701889288684535798e-05
1.064999999999999947e+00 -4.992694410580949264e-08
1.075000000000000178e+00 8.134801768722127013e-06
1.084999999999999964e+00 1.038744088496859269e-05
1.095000000000000195e+00 1.196683315835920521e-05
1.104999999999999982e+00 1.523048569070604229e-05
1.115000000000000213e+00 2.114131384218242925e-05
1.125000000000000000e+00 2.389187232199403951e-05
1.135000000000000231e+00 2.430605976528689403e-05
1.145000000000000018e+00 2.510082176407790760e-05
1.155000000000000027e+00 3.365499259146723733e-05
1.165000000000000036e+00 5.448698844390728320e-05
1.174999999999999822e+00 6.373223330903462743e-05
1.185000000000000053e+00 6.549696040947330141e-05
1.194999999999999840e+00 6.653673855642561284e-05
1.205000000000000071e+00 6.505992580388478264e-05
1.214999999999999858e+00 6.128961877787674514e-05
1.225000000000000089e+00 5.942628192406277933e-05
1.234999999999999876e+00 6.090811174170870039e-05
1.245000000000000107e+00 6.323501742650366748e-05
1.254999999999999893e+00 6.905263613161197460e-05
1.265000000000000124e+00 7.822280134121167329e-05
1.274999999999999911e+00 8.477553862479424878e-05
1.285000000000000142e+00 8.691973531260140183e-05
1.294999999999999929e+00 8.733218102594852755e-05
1.305000000000000160e+00 7.274894983081598451e-05
1.314999999999999947e+00 3.726562659069458265e-05
1.325000000000000178e+00 2.176766639597685276e-05
1.334999999999999964e+00 2.168451583138569053e-05
1.345000000000000195e+00 2.382635887400072586e-05
1.354999999999999982e+00 3.759345602926909960e-05
1.365000000000000213e+00 6.665031964157910871e-05
1.375000000000000000e+00 7.915763611110484513e-05
1.385000000000000231e+00 8.177271261353910310e-05
1.395000000000000018e+00 8.584695518240274142e-05
1.405000000000000027e+00 1.120235355028193283e-04
1.415000000000000036e+00 1.701097336326961988e-04
1.424999999999999822e+00 1.961384151288335690e-04
1.435000000000000053e+00 1.990114878282038264e-04
1.444999999999999840e+00 1.995356067152249144e-04
1.455000000000000071e+00 2.002429911060055591e-04
1.464999999999999858e+00 1.979853457002097737e-04
1.475000000000000089e+00 1.969184072374298954e-04
1.484999999999999876e+00 1.976455396753640855e-04
1.495000000000000107e+00 1.931020257789633641e-04
1.504999999999999893e+00 1.665459892351709500e-04
1.515000000000000124e+00 1.211987977644857250e-04
1.524999999999999911e+00 9.800620795734204399e-05
1.535000000000000142e+00 9.395085831625209086e-05
1.544999999999999929e+00 9.482217398353345297e-05
1.555000000000000160e+00 1.070815786169802434e-04
1.564999999999999947e+00 1.305826933558520259e-04
1.575000000000000178e+00 1.406585095934914762e-04
1.584999999999999964e+00 1.438035622771214749e-04
1.595000000000000195e+00 1.514780900247859137e-04
1.604999999999999982e+00 1.744620858334803627e-04
1.615000000000000213e+00 2.222248735371734553e-04
1.625000000000000000e+00 2.436459979252795366e-04
1.635000000000000231e+00 2.432151151148312634e-04
1.645000000000000018e+00 2.328742654211130871e-04
1.655000000000000249e+00 1.910138488088014802e-04
1.665000000000000036e+00 1.073490466605760157e-04
1.674999999999999822e+00 5.923408783533800438e-05
1.685000000000000053e+00 5.011840834290108153e-05
1.694999999999999840e+00 5.273215843864119710e-05
1.705000000000000071e+00 7.000843547215345223e-05
1.714999999999999858e+00 1.061567057097349983e-04
1.725000000000000089e+00 1.299008558316326536e-04
1.734999999999999876e+00 1.367909547693442029e-04
1.745000000000000107e+00 1.394917353568157466e-04
1.754999999999999893e+00 1.423731196507069588e-04
1.765000000000000124e+00 1.494741799815308715e-04
1.774999999999999911e+00 1.476947407621010452e-04
1.785000000000000142e+00 1.469672420882129650e-04
1.794999999999999929e+00 1.491966603920838583e-04
1.805000000000000160e+00 1.540049317443527451e-04
1.814999999999999947e+00 1.672140591674550357e-04
1.825000000000000178e+00 1.705137204357417017e-04
1.834999999999999964e+00 1.669458596847264774e-04
1.845000000000000195e+00 1.600285994643597639e-04
1.854999999999999982e+00 1.383066393827099853e-04
1.865000000000000213e+00 9.961703953884818005e-05
1.875000000000000000e+00 6.917477247107621204e-05
1.885000000000000231e+00 5.513516700108189484e-05
1.895000000000000018e+00 5.432347922153407964e-05
1.905000000000000249e+00 5.716275905506446888e-05
1.915000000000000036e+00 6.528425050621891146e-05
1.924999999999999822e+00 7.221870025721043159e-05
1.935000000000000053e+00 7.509463524774319832e-05
1.944999999999999840e+00 7.649878782312115083e-05
1.955000000000000071e+00 8.409278068859778676e-05
1.964999999999999858e+00 9.837643111029921450e-05
1.975000000000000089e+00 1.106760838594878985e-04
1.984999999999999876e+00 1.106803128773800956e-04
1.995000000000000107e+00 1.092601319272325737e-04
2.004999999999999893e+00 1.082137490998594698e-04
2.015000000000000124e+00 9.969393228186419797e-05
2.025000000000000355e+00 8.985559707114785296e-05
2.035000000000000142e+00 8.715873003072774469e-05
2.044999999999999929e+00 8.662467950559507763e-05
2.054999999999999716e+00 8.490203789459073946e-05
2.064999999999999947e+00 8.460847703519265215e-05
2.075000000000000178e+00 8.685900465566680564e-05
2.084999999999999964e+00 8.470888201763605483e-05
2.094999999999999751e+00 8.333240661330301290e-05
2.104999999999999982e+00 8.346600847918605255e-05
2.115000000000000213e+00 8.307763653225316684e-05
2.125000000000000000e+00 8.150444827389059354e-05
2.134999999999999787e+00 8.123969338679405303e-05
2.145000000000000018e+00 8.322319031571976647e-05
2.155000000000000249e+00 8.735989462607314808e-05
2.165000000000000036e+00 9.188424708239214720e-05
2.174999999999999822e+00 9.565754590024512906e-05
2.185000000000000053e+00 9.621339699186841040e-05
2.195000000000000284e+00 9.534113917531437422e-05
2.205000000000000071e+00 8.558518709797986485e-05
2.214999999999999858e+00 8.313855822977502972e-05
2.225000000000000089e+00 7.631142877876975479e-05
2.235000000000000320e+00 7.210732825176762448e-05
2.245000000000000107e+00 7.143854246511104164e-05
2.254999999999999893e+00 8.355432305487059462e-05
2.265000000000000124e+00 9.373658894835369367e-05
2.275000000000000355e+00 1.089130265343375855e-04
2.285000000000000142e+00 1.131458541096196205e-04
2.294999999999999929e+00 1.078504126106995465e-04
2.305000000000000160e+00 1.097366144712825798e-04
2.314999999999999947e+00 1.067656179173925179e-04
2.325000000000000178e+00 1.181600385066949372e-04
2.334999999999999964e+00 1.202459049366165521e-04
2.344999999999999751e+00 1.252790021337129699e-04
2.354999999999999982e+00 1.236160436266498766e-04
2.365000000000000213e+00 1.259926817532279367e-04
2.375000000000000000e+00 1.256591283005516581e-04
2.384999999999999787e+00 1.271134244274296852e-04
2.395000000000000018e+00 1.226732065473542350e-04
2.405000000000000249e+00 1.091401942334560354e-04
2.415000000000000036e+00 8.627675809154336918e-05
2.424999999999999822e+00 7.556724929728746100e-05
2.435000000000000053e+00 7.262251623679624117e-05
2.445000000000000284e+00 7.127896635128419414e-05
2.455000000000000071e+00 7.894123226782112147e-05
2.464999999999999858e+00 9.603427359093278217e-05
2.475000000000000089e+00 1.166871506905307079e-04
2.485000000000000320e+00 1.341964595253238262e-04
2.495000000000000107e+00 1.371235320838238409e-04
2.504999999999999893e+00 1.585994390609675594e-04
2.515000000000000124e+00 1.786785511942938606e-04
2.525000000000000355e+00 1.708672759592295097e-04
2.535000000000000142e+00 1.647117003719925001e-04
2.544999999999999929e+00 1.542172483466278262e-04
2.555000000000000160e+00 1.416835954816603519e-04
2.564999999999999947e+00 1.184201726571883049e-04
2.575000000000000178e+00 1.027596365011543240e-04
2.584999999999999964e+00 8.918799251585614850e-05
2.594999999999999751e+00 9.273931693869755721e-05
2.604999999999999982e+00 9.569926929358251626e-05
2.615000000000000213e+00 1.130574928460021398e-04
2.625000000000000000e+00 1.167017535031634350e-04
2.634999999999999787e+00 1.083114426378383566e-04
2.645000000000000018e+00 1.208058014585325894e-04
2.655000000000000249e+00 1.092257847700546573e-04
2.665000000000000036e+00 1.132223885826887664e-04
2.674999999999999822e+00 1.111599427586187412e-04
2.685000000000000053e+00 1.083246292996664016e-04
2.695000000000000284e+00 8.530886603757976126e-05
2.705000000000000071e+00 7.531570980565783320e-05
2.714999999999999858e+00 7.681264977295927004e-05
2.725000000000000089e+00 7.475558696915670883e-05
2.735000000000000320e+00 8.415764499608793955e-05
2.745000000000000107e+00 8.010837619136237594e-05
2.754999999999999893e+00 7.597599313541261604e-05
2.765000000000000124e+00 7.512774505450490873e-05
2.775000000000000355e+00 7.384185558834085756e-05
2.785000000000000142e+00 7.365209354163439138e-05
2.794999999999999929e+00 7.415025015978452937e-05
2.805000000000000160e+00 8.009592743984354920e-05
2.814999999999999947e+00 8.153592626678860965e-05
2.825000000000000178e+00 9.494806932035880606e-05
2.834999999999999964e+00 9.672816027408713308e-05
2.844999999999999751e+00 8.945639820638513491e-05
2.854999999999999982e+00 8.666739254987081218e-05
2.865000000000000213e+00 8.169798841846650042e-05
2.875000000000000000e+00 7.383113795274368887e-05
2.884999999999999787e+00 7.193924490971067925e-05
2.895000000000000018e+00 6.695108682714854230e-05
2.905000000000000249e+00 7.008361129212888117e-05
2.915000000000000036e+00 6.966699950935721793e-05
2.924999999999999822e+00 8.289031764509917593e-05
2.935000000000000053e+00 6.847897007238069064e-05
2.945000000000000284e+00 6.238489627447728813e-05
2.955000000000000071e+00 5.051698711985127459e-05
2.964999999999999858e+00 4.604131611471909261e-05
2.975000000000000089e+00 4.955613365525556209e-05
2.985000000000000320e+00 3.951826926788572914e-05
2.995000000000000107e+00 1.451483739908749444e-03
