5.000000000000000104e-03 1.295771632833296906e-05
1.499999999999999944e-02 1.862989734716629232e-04
2.500000000000000139e-02 2.936541388291565220e-04
3.500000000000000333e-02 4.144338930873886777e-04
4.499999999999999833e-02 5.702220794267736466e-04
5.500000000000000028e-02 9.307101381147303305e-04
6.500000000000000222e-02 1.458865777916251759e-03
7.500000000000001110e-02 1.727382000509991317e-03
8.499999999999999223e-02 1.753108133608097859e-03
9.500000000000000111e-02 1.733801389713311410e-03
1.050000000000000100e-01 1.839724413235793721e-03
1.149999999999999911e-01 2.072136782791751154e-03
1.250000000000000000e-01 2.171660804379553587e-03
1.350000000000000089e-01 2.154950809568637483e-03
1.450000000000000178e-01 2.233104984523877866e-03
1.549999999999999989e-01 3.174133527236957207e-03
1.650000000000000078e-01 4.816964403314513699e-03
1.749999999999999889e-01 5.577831052492866065e-03
1.849999999999999978e-01 5.540394148011600073e-03
1.950000000000000067e-01 5.547758617067083051e-03
2.050000000000000155e-01 5.929566242742908937e-03
2.149999999999999967e-01 6.592032108483403957e-03
2.250000000000000056e-01 7.273065272067722083e-03
2.349999999999999867e-01 7.595789388422881892e-03
2.449999999999999956e-01 7.850344127310050074e-03
2.550000000000000044e-01 8.672865653301284686e-03
2.650000000000000133e-01 9.784215040588548767e-03
2.750000000000000222e-01 1.044927597897182987e-02
2.850000000000000311e-01 1.059270991741114408e-02
2.949999999999999845e-01 1.106823388669524698e-02
3.049999999999999933e-01 1.281145248614203383e-02
3.150000000000000022e-01 1.502187404492448704e-02
3.250000000000000111e-01 1.662945057780171668e-02
3.350000000000000200e-01 1.702653780362699612e-02
3.450000000000000289e-01 1.747179731136998954e-02
3.549999999999999822e-01 1.879941723406728521e-02
3.649999999999999911e-01 2.052011210688683973e-02
3.750000000000000000e-01 2.193399596407271876e-02
3.850000000000000089e-01 2.243675976491661325e-02
3.950000000000000178e-01 2.264344080053818167e-02
4.050000000000000266e-01 2.275044507901329005e-02
4.150000000000000355e-01 2.269238211030443972e-02
4.249999999999999889e-01 2.263785137959896041e-02
4.349999999999999978e-01 2.270558145892680874e-02
4.450000000000000067e-01 2.304192917568241225e-02
4.550000000000000155e-01 2.335934791788926018e-02
4.650000000000000244e-01 2.334493320549829720e-02
4.749999999999999778e-01 2.318087444734032512e-02
4.849999999999999867e-01 2.297747642377997654e-02
4.949999999999999956e-01 2.269219100017621366e-02
5.050000000000000044e-01 2.194310851053008632e-02
5.150000000000000133e-01 2.061407637993364558e-02
5.250000000000000222e-01 2.010626805880731324e-02
5.350000000000000311e-01 2.003061115434000977e-02
5.450000000000000400e-01 1.994134112401171194e-02
5.550000000000000488e-01 1.936063173666803874e-02
5.650000000000000577e-01 1.755627471615952770e-02
5.749999999999999556e-01 1.692272655092167191e-02
5.849999999999999645e-01 1.684664301394212318e-02
5.949999999999999734e-01 1.684347484778686219e-02
6.049999999999999822e-01 1.615433478259064790e-02
6.149999999999999911e-01 1.369833257933235696e-02
6.250000000000000000e-01 1.304567095688917780e-02
6.350000000000000089e-01 1.305994017886074471e-02
6.450000000000000178e-01 1.304998184079734537e-02
6.550000000000000266e-01 1.215013109629505678e-02
6.650000000000000355e-01 9.395367091016786076e-03
6.750000000000000444e-01 8.579879680231695949e-03
6.850000000000000533e-01 8.536934885184038410e-03
6.950000000000000622e-01 8.533331110959403026e-03
7.050000000000000711e-01 7.981187870552994973e-03
7.149999999999999689e-01 6.152625511078712445e-03
7.249999999999999778e-01 5.576532217486996658e-03
7.349999999999999867e-01 5.576008974972276877e-03
7.449999999999999956e-01 5.570769606853646916e-03
7.550000000000000044e-01 5.103404339993076848e-03
7.650000000000000133e-01 3.667035893134648183e-03
7.750000000000000222e-01 3.248883010817801235e-03
7.850000000000000311e-01 3.235964389817564107e-03
7.950000000000000400e-01 3.212786425182260954e-03
8.050000000000000488e-01 2.992213076790148536e-03
8.150000000000000577e-01 2.462123817688395815e-03
8.250000000000000666e-01 2.269860548596114563e-03
8.349999999999999645e-01 2.265253905150864475e-03
8.449999999999999734e-01 2.250904137049908067e-03
8.549999999999999822e-01 2.097216620905617990e-03
8.649999999999999911e-01 1.728724513720411755e-03
8.750000000000000000e-01 1.573335752455019007e-03
8.850000000000000089e-01 1.566198970264282963e-03
8.950000000000000178e-01 1.557386855681482931e-03
9.050000000000000266e-01 1.482026399886007123e-03
9.150000000000000355e-01 1.328415437770643194e-03
9.250000000000000444e-01 1.255394830607374284e-03
9.350000000000000533e-01 1.255635771172076455e-03
9.450000000000000622e-01 1.257255282235645970e-03
9.550000000000000711e-01 1.260288624612398295e-03
9.649999999999999689e-01 1.271276575862194088e-03
9.749999999999999778e-01 1.274212840678259039e-03
9.849999999999999867e-01 1.268464882073231477e-03
9.949999999999999956e-01 1.230039672217773678e-03
1.004999999999999893e+00 1.114895246441055575e-03
1.015000000000000124e+00 9.104711884884585018e-04
1.024999999999999911e+00 7.670942832726840212e-04
1.035000000000000142e+00 7.484885088246942455e-04
1.044999999999999929e+00 7.398065531608021819e-04
1.055000000000000160e+00 7.149032574746566355e-04
1.064999999999999947e+00 6.711792166261404662e-04
1.075000000000000178e+00 6.294215593372223892e-04
1.084999999999999964e+00 6.249305601016753213e-04
1.095000000000000195e+00 6.504782494811505974e-04
1.104999999999999982e+00 7.062460403424302433e-04
1.115000000000000213e+00 7.986753247934731421e-04
1.125000000000000000e+00 8.780439479391092704e-04
1.135000000000000231e+00 8.987829293403303737e-04
1.145000000000000018e+00 8.954161422903456373e-04
1.155000000000000027e+00 8.844591737025879951e-04
1.165000000000000036e+00 8.605463957084456220e-04
1.174999999999999822e+00 8.508210792993645783e-04
1.185000000000000053e+00 8.474974994187123387e-04
1.194999999999999840e+00 8.518401800924434294e-04
1.205000000000000071e+00 8.787655158541157101e-04
1.214999999999999858e+00 9.241938853835270388e-04
1.225000000000000089e+00 9.490745049614324235e-04
1.234999999999999876e+00 9.543991673180778849e-04
1.245000000000000107e+00 9.436010624471658946e-04
1.254999999999999893e+00 8.658942502246812266e-04
1.265000000000000124e+00 6.806115008746165419e-04
1.274999999999999911e+00 6.015969063345276424e-04
1.285000000000000142e+00 5.933891730763182987e-04
1.294999999999999929e+00 5.871244408433127669e-04
1.305000000000000160e+00 5.268828193227273948e-04
1.314999999999999947e+00 3.827779549695476107e-04
1.325000000000000178e+00 3.187367291955540559e-04
1.334999999999999964e+00 3.139164369704507303e-04
1.345000000000000195e+00 3.171539649692352997e-04
1.354999999999999982e+00 3.401478024438181068e-04
1.365000000000000213e+00 3.936149685285726392e-04
1.375000000000000000e+00 4.156470709310609922e-04
1.385000000000000231e+00 4.172090280192207695e-04
1.395000000000000018e+00 4.197603553165278611e-04
1.405000000000000027e+00 4.440429884408689373e-04
1.415000000000000036e+00 5.102668485961385589e-04
1.424999999999999822e+00 5.332549853156525691e-04
1.435000000000000053e+00 5.353181171272276351e-04
1.444999999999999840e+00 5.357140983525915476e-04
1.455000000000000071e+00 5.251683517122836568e-04
1.464999999999999858e+00 4.892100695522439693e-04
1.475000000000000089e+00 4.820540682266302268e-04
1.484999999999999876e+00 4.801909595155480926e-04
1.495000000000000107e+00 4.700424814851318178e-04
1.504999999999999893e+00 3.960676975898822362e-04
1.515000000000000124e+00 2.362197957219973495e-04
1.524999999999999911e+00 1.655294377142977030e-04
1.535000000000000142e+00 1.555984922320518681e-04
1.544999999999999929e+00 1.551292609519917571e-04
1.555000000000000160e+00 1.539537149431518756e-04
1.564999999999999947e+00 1.560430522855945246e-04
1.575000000000000178e+00 1.558503567104994566e-04
1.584999999999999964e+00 1.564423703232072299e-04
1.595000000000000195e+00 1.601473658352676479e-04
1.604999999999999982e+00 1.833128385180909632e-04
1.615000000000000213e+00 2.290383837218438079e-04
1.625000000000000000e+00 2.527339789336158042e-04
1.635000000000000231e+00 2.542922960543968561e-04
1.645000000000000018e+00 2.439811084747680887e-04
1.655000000000000249e+00 2.018472400996728440e-04
1.665000000000000036e+00 1.181836915199304869e-04
1.674999999999999822e+00 7.728858735425840631e-05
1.685000000000000053e+00 6.864267346972512151e-05
1.694999999999999840e+00 7.198449059343234096e-05
1.705000000000000071e+00 7.747765795952874239e-05
1.714999999999999858e+00 9.164064595715581713e-05
1.725000000000000089e+00 9.791928490185474821e-05
1.734999999999999876e+00 9.848433557396084554e-05
1.745000000000000107e+00 9.922695346346513791e-05
1.754999999999999893e+00 1.089599954116276072e-04
1.765000000000000124e+00 1.293479142736099789e-04
1.774999999999999911e+00 1.399753565043476364e-04
1.785000000000000142e+00 1.410286230878563950e-04
1.794999999999999929e+00 1.402664116720779661e-04
1.805000000000000160e+00 1.404671768095290898e-04
1.814999999999999947e+00 1.426610906265030824e-04
1.825000000000000178e+00 1.410744083917539113e-04
1.834999999999999964e+00 1.387080959162944119e-04
1.845000000000000195e+00 1.329765416078616499e-04
1.854999999999999982e+00 1.099130801396918148e-04
1.865000000000000213e+00 6.672304274210567659e-05
1.875000000000000000e+00 4.488112448703043817e-05
1.885000000000000231e+00 3.687387956734430319e-05
1.895000000000000018e+00 3.869079167129587852e-05
1.905000000000000249e+00 4.573351619772668430e-05
1.915000000000000036e+00 5.696972392314739631e-05
1.924999999999999822e+00 6.238084461252908178e-05
1.935000000000000053e+00 6.417825264741078555e-05
1.944999999999999840e+00 6.477511731603252838e-05
1.955000000000000071e+00 6.656962258714758647e-05
1.964999999999999858e+00 7.184508898511741178e-05
1.975000000000000089e+00 7.359618621993110888e-05
1.984999999999999876e+00 7.464649213327381977e-05
1.995000000000000107e+00 7.337016294802826380e-05
2.004999999999999893e+00 7.581093702497527880e-05
2.015000000000000124e+00 7.700406406215093923e-05
2.025000000000000355e+00 7.768978135119806517e-05
2.035000000000000142e+00 7.772614949461415098e-05
2.044999999999999929e+00 8.095983341059104959e-05
2.054999999999999716e+00 8.018812836321313742e-05
2.064999999999999947e+00 8.595072275483257450e-05
2.075000000000000178e+00 8.963341210312973845e-05
2.084999999999999964e+00 9.061633697803607955e-05
2.094999999999999751e+00 8.879144373697908394e-05
2.104999999999999982e+00 8.214834210140677334e-05
2.115000000000000213e+00 7.321332795414614493e-05
2.125000000000000000e+00 6.480258658939994500e-05
2.134999999999999787e+00 6.231176430344105945e-05
2.145000000000000018e+00 6.225275632600158295e-05
2.155000000000000249e+00 7.021008718487537447e-05
2.165000000000000036e+00 7.804709635669884466e-05
2.174999999999999822e+00 8.093613555492451615e-05
2.185000000000000053e+00 8.127641145037030139e-05
2.195000000000000284e+00 7.411832346811779416e-05
2.205000000000000071e+00 5.941588166457711337e-05
2.214999999999999858e+00 3.920536861974771039e-05
2.225000000000000089e+00 3.065928455809995560e-05
2.235000000000000320e+00 2.516655412846374905e-05
2.245000000000000107e+00 2.530153555158690047e-05
2.254999999999999893e+00 2.784150459768851307e-05
2.265000000000000124e+00 3.163160147272675674e-05
2.275000000000000355e+00 3.351750740531188365e-05
2.285000000000000142e+00 3.583421294071772811e-05
2.294999999999999929e+00 3.825937140232026253e-05
2.305000000000000160e+00 4.388821289740169762e-05
2.314999999999999947e+00 5.819749355223652044e-05
2.325000000000000178e+00 6.635495317100464474e-05
2.334999999999999964e+00 6.846881916825468166e-05
2.344999999999999751e+00 6.962152296952750898e-05
2.354999999999999982e+00 6.948553588824289565e-05
2.365000000000000213e+00 6.926364042430645869e-05
2.375000000000000000e+00 6.809050138955990950e-05
2.384999999999999787e+00 6.427936827819031836e-05
2.395000000000000018e+00 5.840844933703376806e-05
2.405000000000000249e+00 4.565353532748181773e-05
2.415000000000000036e+00 2.857638204508523660e-05
2.424999999999999822e+00 1.572888786974965149e-05
2.435000000000000053e+00 1.047029668091235715e-05
2.445000000000000284e+00 1.158201448930905158e-05
2.455000000000000071e+00 2.052467616612959299e-05
2.464999999999999858e+00 3.823494286828456041e-05
2.475000000000000089e+00 4.794508182516445132e-05
2.485000000000000320e+00 5.025042464966326743e-05
2.495000000000000107e+00 5.652266508701419477e-05
2.504999999999999893e+00 6.584502593652985113e-05
2.515000000000000124e+00 7.482510815833184859e-05
2.525000000000000355e+00 8.322099201876653643e-05
2.535000000000000142e+00 8.218560729290602651e-05
2.544999999999999929e+00 8.203712353565459348e-05
2.555000000000000160e+00 7.190598408735034239e-05
2.564999999999999947e+00 7.319259621422194082e-05
2.575000000000000178e+00 6.695735496093684004e-05
2.584999999999999964e+00 6.782995450272526238e-05
2.594999999999999751e+00 6.332133022928694848e-05
2.604999999999999982e+00 5.370217542944999417e-05
2.615000000000000213e+00 6.098828101297954819e-05
2.625000000000000000e+00 5.360323200443386805e-05
2.634999999999999787e+00 4.857731892464275014e-05
2.645000000000000018e+00 4.858153150268144048e-05
2.655000000000000249e+00 4.479952876084179530e-05
2.665000000000000036e+00 4.293183039337509409e-05
2.674999999999999822e+00 3.920669217853352869e-05
2.685000000000000053e+00 3.854426035258031049e-05
2.695000000000000284e+00 4.189595237952092714e-05
2.705000000000000071e+00 5.018830283628515697e-05
2.714999999999999858e+00 6.130049472876846286e-05
2.725000000000000089e+00 6.529261524304060687e-05
2.735000000000000320e+00 6.434252383685163724e-05
2.745000000000000107e+00 5.680941353246654130e-05
2.754999999999999893e+00 5.082659239875852422e-05
2.765000000000000124e+00 4.870500114649705683e-05
2.775000000000000355e+00 4.557529458296106871e-05
2.785000000000000142e+00 4.426251354327096144e-05
2.794999999999999929e+00 4.337666691421705403e-05
2.805000000000000160e+00 4.688418126326381210e-05
2.814999999999999947e+00 5.373373672465024095e-05
2.825000000000000178e+00 5.526308124994586769e-05
2.834999999999999964e+00 5.250839765262331948e-05
2.844999999999999751e+00 4.920376926877092669e-05
2.854999999999999982e+00 4.097315897329796108e-05
2.865000000000000213e+00 3.027187291849386852e-05
2.875000000000000000e+00 2.391316243654564223e-05
2.884999999999999787e+00 2.116430291731405129e-05
2.895000000000000018e+00 2.093892068984932623e-05
2.905000000000000249e+00 2.487115229417129203e-05
2.915000000000000036e+00 2.653057725896799436e-05
2.924999999999999822e+00 2.955402292974567606e-05
2.935000000000000053e+00 3.027826679002327084e-05
2.945000000000000284e+00 2.527741955273514604e-05
2.955000000000000071e+00 2.061149273711040752e-05
2.964999999999999858e+00 1.493819187324137393e-05
2.975000000000000089e+00 7.795261396516029278e-06
2.985000000000000320e+00 7.713006883226014834e-06
2.995000000000000107e+00 1.702139778042493579e-03
