5.000000000000000104e-03 3.801095455139277823e-03
1.499999999999999944e-02 4.748099679693685432e-03
2.500000000000000139e-02 5.444878491924508290e-03
3.500000000000000333e-02 6.029740743606220449e-03
4.499999999999999833e-02 6.705875130455940351e-03
5.500000000000000028e-02 7.654439278300497959e-03
6.500000000000000222e-02 8.642520345964741987e-03
7.500000000000001110e-02 9.405254129146140007e-03
8.499999999999999223e-02 1.028840936327312869e-02
9.500000000000000111e-02 1.056669170907770759e-02
1.050000000000000100e-01 1.061472912070390330e-02
1.149999999999999911e-01 1.047588534753475693e-02
1.250000000000000000e-01 1.032964783523049497e-02
1.350000000000000089e-01 1.050514082084972461e-02
1.450000000000000178e-01 1.090183359365390868e-02
1.549999999999999989e-01 1.157384154684196025e-02
1.650000000000000078e-01 1.241782908825144263e-02
1.749999999999999889e-01 1.318751067008148634e-02
1.849999999999999978e-01 1.279029103774361950e-02
1.950000000000000067e-01 1.296819344508527358e-02
2.050000000000000155e-01 1.362104105766319753e-02
2.149999999999999967e-01 1.482170072967295416e-02
2.250000000000000056e-01 1.597952468155634798e-02
2.349999999999999867e-01 1.743062873014929529e-02
2.449999999999999956e-01 1.874790928364013232e-02
2.550000000000000044e-01 2.060283726486585032e-02
2.650000000000000133e-01 2.266205755022665178e-02
2.750000000000000222e-01 2.507079451765166153e-02
2.850000000000000311e-01 2.757682520945527530e-02
2.949999999999999845e-01 2.967481339380105554e-02
3.049999999999999933e-01 3.182321878592787867e-02
3.150000000000000022e-01 3.422059345326471796e-02
3.250000000000000111e-01 3.693684981977579662e-02
3.350000000000000200e-01 3.926605091534027259e-02
3.450000000000000289e-01 4.195534659822105356e-02
3.549999999999999822e-01 4.318459941788509171e-02
3.649999999999999911e-01 4.508366711718162639e-02
3.750000000000000000e-01 4.724418455915588982e-02
3.850000000000000089e-01 4.978165012612714019e-02
3.950000000000000178e-01 5.198714814904149828e-02
4.050000000000000266e-01 5.416502718108239661e-02
4.150000000000000355e-01 5.665133703723869429e-02
4.249999999999999889e-01 5.947883896141983179e-02
4.349999999999999978e-01 6.172789646076915632e-02
4.450000000000000067e-01 6.479527151888986314e-02
4.550000000000000155e-01 6.798567088331937402e-02
4.650000000000000244e-01 7.168832890004910030e-02
4.749999999999999778e-01 7.462347125099251521e-02
4.849999999999999867e-01 7.622264632027539455e-02
4.949999999999999956e-01 7.789848688012671052e-02
5.050000000000000044e-01 8.051632118311034814e-02
5.150000000000000133e-01 8.321761590682354159e-02
5.250000000000000222e-01 8.704896650139699876e-02
5.350000000000000311e-01 9.181398282902053509e-02
5.450000000000000400e-01 9.907679101364573471e-02
5.550000000000000488e-01 1.089563341262129170e-01
5.650000000000000577e-01 1.215904006026628098e-01
5.749999999999999556e-01 1.392119809368392580e-01
5.849999999999999645e-01 1.609513188355277125e-01
5.949999999999999734e-01 1.909141681319264094e-01
6.049999999999999822e-01 2.329551632785982762e-01
6.149999999999999911e-01 2.925425573338716889e-01
6.250000000000000000e-01 3.831574926824898308e-01
6.350000000000000089e-01 5.201253040946312023e-01
6.450000000000000178e-01 7.254317642610896844e-01
6.550000000000000266e-01 1.018445730483253042e+00
6.650000000000000355e-01 1.414919917135040395e+00
6.750000000000000444e-01 1.909312702055596001e+00
6.850000000000000533e-01 2.477847118590161379e+00
6.950000000000000622e-01 3.075650307598275290e+00
7.050000000000000711e-01 3.701718241302506929e+00
7.149999999999999689e-01 4.252237204362233847e+00
7.249999999999999778e-01 4.734253801372087622e+00
7.349999999999999867e-01 5.122818065619711980e+00
7.449999999999999956e-01 5.420126738792571786e+00
7.550000000000000044e-01 5.614213289731633694e+00
7.650000000000000133e-01 5.710547872018661764e+00
7.750000000000000222e-01 5.710346237123023805e+00
7.850000000000000311e-01 5.625309251929559551e+00
7.950000000000000400e-01 5.453794785425539970e+00
8.050000000000000488e-01 5.182237906012657547e+00
8.150000000000000577e-01 4.811176121436213649e+00
8.250000000000000666e-01 4.327341721257583984e+00
8.349999999999999645e-01 3.777836752084870131e+00
8.449999999999999734e-01 3.185281679995840332e+00
8.549999999999999822e-01 2.603590427707648924e+00
8.649999999999999911e-01 2.099643222237802753e+00
8.750000000000000000e-01 1.669914159519937602e+00
8.850000000000000089e-01 1.313068031902224986e+00
8.950000000000000178e-01 1.021682238970680556e+00
9.050000000000000266e-01 7.845147556288271096e-01
9.150000000000000355e-01 5.943345329255192988e-01
9.250000000000000444e-01 4.530296108969316671e-01
9.350000000000000533e-01 3.475773356037098472e-01
9.450000000000000622e-01 2.675200628356816934e-01
9.550000000000000711e-01 2.085128640134600309e-01
9.649999999999999689e-01 1.622607290275215053e-01
9.749999999999999778e-01 1.284100969858285313e-01
9.849999999999999867e-01 1.043470041794288261e-01
9.949999999999999956e-01 8.693533785172580242e-02
1.004999999999999893e+00 7.328964401682828977e-02
1.015000000000000124e+00 6.280340198915289329e-02
1.024999999999999911e+00 5.447109431287688874e-02
1.035000000000000142e+00 4.788802989666118837e-02
1.044999999999999929e+00 4.328786315938902562e-02
1.055000000000000160e+00 3.941448345732670444e-02
1.064999999999999947e+00 3.605360415659131235e-02
1.075000000000000178e+00 3.310844526614419026e-02
1.084999999999999964e+00 3.039892077507632545e-02
1.095000000000000195e+00 2.728241419921515268e-02
1.104999999999999982e+00 2.484122106109936529e-02
1.115000000000000213e+00 2.327157222090192254e-02
1.125000000000000000e+00 2.179055467198807994e-02
1.135000000000000231e+00 2.023981067239010931e-02
1.145000000000000018e+00 1.887273864037834065e-02
1.155000000000000027e+00 1.749827816377118664e-02
1.165000000000000036e+00 1.590324295599277946e-02
1.174999999999999822e+00 1.445915672315043268e-02
1.185000000000000053e+00 1.293659887136867741e-02
1.194999999999999840e+00 1.154512791863890504e-02
1.205000000000000071e+00 1.039417190812820177e-02
1.214999999999999858e+00 1.016585004098384711e-02
1.225000000000000089e+00 1.005878812170854335e-02
1.234999999999999876e+00 1.012554654477937875e-02
1.245000000000000107e+00 9.846642383920732947e-03
1.254999999999999893e+00 9.465682546066582145e-03
1.265000000000000124e+00 9.036292619326143777e-03
1.274999999999999911e+00 8.429605944405256859e-03
1.285000000000000142e+00 8.157940864306085713e-03
1.294999999999999929e+00 7.682531942045042923e-03
1.305000000000000160e+00 7.287663877132432438e-03
1.314999999999999947e+00 6.907504786834646991e-03
1.325000000000000178e+00 6.462632712795005584e-03
1.334999999999999964e+00 6.180744432025360099e-03
1.345000000000000195e+00 5.888757275534328532e-03
1.354999999999999982e+00 5.193275240134092967e-03
1.365000000000000213e+00 4.530113797420363790e-03
1.375000000000000000e+00 4.092634620262964630e-03
1.385000000000000231e+00 3.797765627085550842e-03
1.395000000000000018e+00 3.552921356029898822e-03
1.405000000000000027e+00 3.296447249490718108e-03
1.415000000000000036e+00 3.075497159904261660e-03
1.424999999999999822e+00 2.551945930962588611e-03
1.435000000000000053e+00 2.446296054999350274e-03
1.444999999999999840e+00 2.326123975007419239e-03
1.455000000000000071e+00 2.448529944699593362e-03
1.464999999999999858e+00 2.598050473492177943e-03
1.475000000000000089e+00 2.723644606805433917e-03
1.484999999999999876e+00 2.730478186924446566e-03
1.495000000000000107e+00 2.800989917491041297e-03
1.504999999999999893e+00 2.787089893321974092e-03
1.515000000000000124e+00 2.753170978773559693e-03
1.524999999999999911e+00 2.819771870432937963e-03
1.535000000000000142e+00 2.965003948851960888e-03
1.544999999999999929e+00 3.124171358704993465e-03
1.555000000000000160e+00 3.298309018146604581e-03
1.564999999999999947e+00 3.720420918331200904e-03
1.575000000000000178e+00 4.165200694750750832e-03
1.584999999999999964e+00 4.859591714953022043e-03
