5.000000000000000104e-03 3.194361532209511866e-03
1.499999999999999944e-02 3.631510338325031739e-03
2.500000000000000139e-02 4.223213251860397956e-03
3.500000000000000333e-02 4.881604704379425771e-03
4.499999999999999833e-02 5.429153106448037815e-03
5.500000000000000028e-02 6.169335237460543166e-03
6.500000000000000222e-02 6.569060370041498141e-03
7.500000000000001110e-02 7.138716564832362117e-03
8.499999999999999223e-02 7.883514154323064196e-03
9.500000000000000111e-02 8.461195306153451029e-03
1.050000000000000100e-01 9.652158925740899828e-03
1.149999999999999911e-01 1.214885591220114629e-02
1.250000000000000000e-01 1.449030497755746626e-02
1.350000000000000089e-01 1.578616372874165619e-02
1.450000000000000178e-01 1.647170021270386725e-02
1.549999999999999989e-01 1.738321369942800315e-02
1.650000000000000078e-01 1.860086387274687003e-02
1.749999999999999889e-01 1.916155434600456259e-02
1.849999999999999978e-01 1.917971502765212014e-02
1.950000000000000067e-01 1.932473932696046615e-02
2.050000000000000155e-01 1.921173486580176129e-02
2.149999999999999967e-01 1.842942205575915163e-02
2.250000000000000056e-01 1.823097081554339582e-02
2.349999999999999867e-01 1.778183359557313631e-02
2.449999999999999956e-01 1.693935538533242191e-02
2.550000000000000044e-01 1.614540698638357308e-02
2.650000000000000133e-01 1.620090045269509393e-02
2.750000000000000222e-01 1.658001838991612215e-02
2.850000000000000311e-01 1.628090381794166513e-02
2.949999999999999845e-01 1.600878169916641891e-02
3.049999999999999933e-01 1.558437858514753402e-02
3.150000000000000022e-01 1.597766239326734936e-02
3.250000000000000111e-01 1.629083741019282661e-02
3.350000000000000200e-01 1.743264696835440317e-02
3.450000000000000289e-01 1.840535359499851850e-02
3.549999999999999822e-01 1.977234896031796266e-02
3.649999999999999911e-01 2.198042259388056224e-02
3.750000000000000000e-01 2.436124005386149094e-02
3.850000000000000089e-01 2.790203514858802594e-02
3.950000000000000178e-01 3.098023711728345453e-02
4.050000000000000266e-01 3.308931367392046324e-02
4.150000000000000355e-01 3.523458425800832239e-02
4.249999999999999889e-01 3.599257477053237342e-02
4.349999999999999978e-01 3.557490318269407314e-02
4.450000000000000067e-01 3.503636892074239728e-02
4.550000000000000155e-01 3.566645042360903906e-02
4.650000000000000244e-01 3.703859054289137392e-02
4.749999999999999778e-01 3.896122084439073568e-02
4.849999999999999867e-01 4.167062729112768621e-02
4.949999999999999956e-01 4.430357127518196741e-02
5.050000000000000044e-01 4.663861929133280432e-02
5.150000000000000133e-01 4.954927115896187728e-02
5.250000000000000222e-01 5.379243449717324016e-02
5.350000000000000311e-01 5.742045634162049050e-02
5.450000000000000400e-01 6.066675422462374651e-02
5.550000000000000488e-01 6.459661602312258277e-02
5.650000000000000577e-01 6.790107536607536964e-02
5.749999999999999556e-01 7.356938030769033521e-02
5.849999999999999645e-01 7.945003145495925512e-02
5.949999999999999734e-01 8.581323374246419000e-02
6.049999999999999822e-01 9.068656908224109747e-02
6.149999999999999911e-01 9.885550194184028472e-02
6.250000000000000000e-01 1.102885042483008893e-01
6.350000000000000089e-01 1.202885608238138809e-01
6.450000000000000178e-01 1.312138251225667129e-01
6.550000000000000266e-01 1.463559125390779814e-01
6.650000000000000355e-01 1.635671395040769749e-01
6.750000000000000444e-01 1.854060107508654354e-01
6.850000000000000533e-01 2.155426478047662298e-01
6.950000000000000622e-01 2.528835231818565843e-01
7.050000000000000711e-01 2.970928499216083929e-01
7.149999999999999689e-01 3.475731938527320541e-01
7.249999999999999778e-01 4.050366086813511624e-01
7.349999999999999867e-01 4.751024876584034051e-01
7.449999999999999956e-01 5.664796812256909231e-01
7.550000000000000044e-01 6.895130540534800678e-01
7.650000000000000133e-01 8.513241970337533937e-01
7.750000000000000222e-01 1.067452349138678924e+00
7.850000000000000311e-01 1.339478790273348263e+00
7.950000000000000400e-01 1.689501058490840535e+00
8.050000000000000488e-01 2.139790740598172647e+00
8.150000000000000577e-01 2.689461323995943509e+00
8.250000000000000666e-01 3.304332683605395005e+00
8.349999999999999645e-01 3.960761980588982656e+00
8.449999999999999734e-01 4.631103568901971279e+00
8.549999999999999822e-01 5.246677221651809830e+00
8.649999999999999911e-01 5.717284100418013715e+00
8.750000000000000000e-01 6.022876361887912644e+00
8.850000000000000089e-01 6.134004951457667332e+00
8.950000000000000178e-01 6.024745154601252928e+00
9.050000000000000266e-01 5.756038491969645676e+00
9.150000000000000355e-01 5.353234140684369535e+00
9.250000000000000444e-01 4.861134789074773366e+00
9.350000000000000533e-01 4.318498216010214108e+00
9.450000000000000622e-01 3.775642181320267632e+00
9.550000000000000711e-01 3.255456240880175045e+00
9.649999999999999689e-01 2.770971904255060014e+00
9.749999999999999778e-01 2.326258827026971510e+00
9.849999999999999867e-01 1.932265035566526290e+00
9.949999999999999956e-01 1.580587724703537811e+00
1.004999999999999893e+00 1.283706343928050497e+00
1.015000000000000124e+00 1.046702568363276020e+00
1.024999999999999911e+00 8.474399406505858101e-01
1.035000000000000142e+00 6.847331773834728352e-01
1.044999999999999929e+00 5.456769778424415129e-01
1.055000000000000160e+00 4.368416856177749219e-01
1.064999999999999947e+00 3.532086440032875529e-01
1.075000000000000178e+00 2.879731935991647340e-01
1.084999999999999964e+00 2.389525104935093514e-01
1.095000000000000195e+00 2.000149026678613717e-01
1.104999999999999982e+00 1.699075434824565412e-01
1.115000000000000213e+00 1.469982496574251396e-01
1.125000000000000000e+00 1.272035454260752041e-01
1.135000000000000231e+00 1.111714181674887114e-01
1.145000000000000018e+00 9.733550544045721509e-02
1.155000000000000027e+00 8.412370887372774830e-02
1.165000000000000036e+00 7.011781930628518955e-02
1.174999999999999822e+00 5.783903081256080297e-02
1.185000000000000053e+00 4.856412772421360435e-02
1.194999999999999840e+00 4.187723463198354812e-02
1.205000000000000071e+00 3.634486206149186577e-02
1.214999999999999858e+00 3.273588094688687639e-02
1.225000000000000089e+00 2.948642280152519862e-02
1.234999999999999876e+00 2.635996601834115008e-02
1.245000000000000107e+00 2.401487340779791604e-02
1.254999999999999893e+00 2.201872663140545805e-02
1.265000000000000124e+00 2.042095097069031306e-02
1.274999999999999911e+00 1.920342318063278028e-02
1.285000000000000142e+00 1.820626356553317615e-02
1.294999999999999929e+00 1.731718322494828904e-02
1.305000000000000160e+00 1.707219719379647963e-02
1.314999999999999947e+00 1.679972958328738303e-02
1.325000000000000178e+00 1.569140396527817297e-02
1.334999999999999964e+00 1.475951885331328213e-02
1.345000000000000195e+00 1.290067909000790214e-02
1.354999999999999982e+00 1.174401968398455440e-02
1.365000000000000213e+00 1.045295068267794100e-02
1.375000000000000000e+00 9.501084556188359176e-03
1.385000000000000231e+00 8.467992138965728388e-03
1.395000000000000018e+00 7.558931615752487697e-03
1.405000000000000027e+00 7.497902858136308406e-03
1.415000000000000036e+00 7.175987614958912776e-03
1.424999999999999822e+00 7.022122890450104710e-03
1.435000000000000053e+00 6.912263281762551746e-03
1.444999999999999840e+00 6.602893890405867397e-03
1.455000000000000071e+00 6.140202534424489024e-03
1.464999999999999858e+00 5.743226191639203351e-03
1.475000000000000089e+00 5.252005902987879477e-03
1.484999999999999876e+00 5.025900257639133797e-03
1.495000000000000107e+00 4.742736809696807866e-03
1.504999999999999893e+00 4.580612008632149214e-03
1.515000000000000124e+00 4.200846989269953549e-03
1.524999999999999911e+00 3.940709200644187601e-03
1.535000000000000142e+00 3.793910093942216583e-03
1.544999999999999929e+00 3.559081199625000955e-03
1.555000000000000160e+00 3.358286241147080860e-03
1.564999999999999947e+00 3.098347010034075127e-03
1.575000000000000178e+00 3.030250542571627341e-03
1.584999999999999964e+00 2.926198797364145711e-03
