5.000000000000000104e-03 2.477003369509762050e-05
1.499999999999999944e-02 1.096710668711100770e-04
2.500000000000000139e-02 2.068646115028387796e-04
3.500000000000000333e-02 2.846817038127294583e-04
4.499999999999999833e-02 3.339226429753344391e-04
5.500000000000000028e-02 4.084032639589064897e-04
6.500000000000000222e-02 5.212751060315115592e-04
7.500000000000001110e-02 5.318501475521702961e-04
8.499999999999999223e-02 5.074430177496577548e-04
9.500000000000000111e-02 4.893466078530198582e-04
1.050000000000000100e-01 4.812594577202265159e-04
1.149999999999999911e-01 4.716556277528915217e-04
1.250000000000000000e-01 4.587570857670288538e-04
1.350000000000000089e-01 4.475921046188356418e-04
1.450000000000000178e-01 4.906105998036329159e-04
1.549999999999999989e-01 6.424220810160449161e-04
1.650000000000000078e-01 8.896596455280313120e-04
1.749999999999999889e-01 1.062389388403955871e-03
1.849999999999999978e-01 1.106844148121690317e-03
1.950000000000000067e-01 1.097090944325112682e-03
2.050000000000000155e-01 1.064715815380256518e-03
2.149999999999999967e-01 1.003866096063211815e-03
2.250000000000000056e-01 9.672960444084400091e-04
2.349999999999999867e-01 9.603818201448662516e-04
2.449999999999999956e-01 9.738611534647925424e-04
2.550000000000000044e-01 1.051329676969579938e-03
2.650000000000000133e-01 1.180525250021867770e-03
2.750000000000000222e-01 1.238256963290282255e-03
2.850000000000000311e-01 1.236378151152134645e-03
2.949999999999999845e-01 1.244989366403092060e-03
3.049999999999999933e-01 1.351761399107556183e-03
3.150000000000000022e-01 1.573087426815915216e-03
3.250000000000000111e-01 1.700704752239231340e-03
3.350000000000000200e-01 1.711400182795613572e-03
3.450000000000000289e-01 1.698586640970117453e-03
3.549999999999999822e-01 1.801920388643695175e-03
3.649999999999999911e-01 2.089590209155950482e-03
3.750000000000000000e-01 2.252381376774220678e-03
3.850000000000000089e-01 2.281949848532725117e-03
3.950000000000000178e-01 2.290052206341400883e-03
4.050000000000000266e-01 2.447795365255295199e-03
4.150000000000000355e-01 2.969798876069347764e-03
4.249999999999999889e-01 3.162347621851395712e-03
4.349999999999999978e-01 3.167934513928568827e-03
4.450000000000000067e-01 3.169550206191402205e-03
4.550000000000000155e-01 3.252259102578673820e-03
4.650000000000000244e-01 3.515951305499372126e-03
4.749999999999999778e-01 3.586165133056595788e-03
4.849999999999999867e-01 3.581293304657792633e-03
4.949999999999999956e-01 3.605580692546892386e-03
5.050000000000000044e-01 3.875467755727880076e-03
5.150000000000000133e-01 4.603490380817263153e-03
5.250000000000000222e-01 4.841704119727414241e-03
5.350000000000000311e-01 4.835688182362866440e-03
5.450000000000000400e-01 4.827629086642640059e-03
5.550000000000000488e-01 5.040044255184820791e-03
5.650000000000000577e-01 5.669126636974071605e-03
5.749999999999999556e-01 5.910723548447613385e-03
5.849999999999999645e-01 5.922599243931248210e-03
5.949999999999999734e-01 5.909131228213969182e-03
6.049999999999999822e-01 6.053003735385704964e-03
6.149999999999999911e-01 6.653938479457160472e-03
6.250000000000000000e-01 6.849223549178620751e-03
6.350000000000000089e-01 6.845165846409704755e-03
6.450000000000000178e-01 6.830899595061236916e-03
6.550000000000000266e-01 6.711239621740372648e-03
6.650000000000000355e-01 6.255202209475342959e-03
6.750000000000000444e-01 6.149919081954329826e-03
6.850000000000000533e-01 6.146848739614386124e-03
6.950000000000000622e-01 6.144067543664584290e-03
7.050000000000000711e-01 6.383658009485787543e-03
7.149999999999999689e-01 7.475961802963486218e-03
7.249999999999999778e-01 7.724657846558432087e-03
7.349999999999999867e-01 7.716682962624193780e-03
7.449999999999999956e-01 7.719857879580349636e-03
7.550000000000000044e-01 7.939216994983205877e-03
7.650000000000000133e-01 8.986711861490652778e-03
7.750000000000000222e-01 9.223100015301159346e-03
7.850000000000000311e-01 9.220003959601794780e-03
7.950000000000000400e-01 9.220829165276823308e-03
8.050000000000000488e-01 9.874088896737359330e-03
8.150000000000000577e-01 1.289192664139725622e-02
8.250000000000000666e-01 1.356540186329144998e-02
8.349999999999999645e-01 1.355160034425963861e-02
8.449999999999999734e-01 1.352328091347418382e-02
8.549999999999999822e-01 1.363141139616219633e-02
8.649999999999999911e-01 1.414996041787588109e-02
8.750000000000000000e-01 1.427482998881480190e-02
8.850000000000000089e-01 1.425311939223196725e-02
8.950000000000000178e-01 1.424186695756529328e-02
9.050000000000000266e-01 1.518896567256881013e-02
9.150000000000000355e-01 1.888964165320924232e-02
9.250000000000000444e-01 1.985399183818373214e-02
9.350000000000000533e-01 1.984904304056508972e-02
9.450000000000000622e-01 1.983821610898843166e-02
9.550000000000000711e-01 1.986301562669389245e-02
9.649999999999999689e-01 2.014673216590202529e-02
9.749999999999999778e-01 2.019186147109883547e-02
9.849999999999999867e-01 2.020560434201592107e-02
9.949999999999999956e-01 2.017480311592030964e-02
1.004999999999999893e+00 1.875458346736411444e-02
1.015000000000000124e+00 1.244703691505522590e-02
1.024999999999999911e+00 1.103065891567770601e-02
1.035000000000000142e+00 1.101596999505965492e-02
1.044999999999999929e+00 1.100765465502148537e-02
1.055000000000000160e+00 1.076392650093616066e-02
1.064999999999999947e+00 9.630588596942823987e-03
1.075000000000000178e+00 9.335889490087741216e-03
1.084999999999999964e+00 9.326264855978176269e-03
1.095000000000000195e+00 9.324638509677284429e-03
1.104999999999999982e+00 9.653399988212086821e-03
1.115000000000000213e+00 1.128185223300524724e-02
1.125000000000000000e+00 1.166464742443183537e-02
1.135000000000000231e+00 1.166205196838448685e-02
1.145000000000000018e+00 1.165169852433968825e-02
1.155000000000000027e+00 1.130644709752661077e-02
1.165000000000000036e+00 9.606177982705311688e-03
1.174999999999999822e+00 9.217971759359441797e-03
1.185000000000000053e+00 9.216409330604429309e-03
1.194999999999999840e+00 9.202347418961422457e-03
1.205000000000000071e+00 9.161948969492265601e-03
1.214999999999999858e+00 8.826043334996688805e-03
1.225000000000000089e+00 8.771227330301943279e-03
1.234999999999999876e+00 8.767386828628154216e-03
1.245000000000000107e+00 8.739548168640098175e-03
1.254999999999999893e+00 8.020136807254408043e-03
1.265000000000000124e+00 5.184582817472310409e-03
1.274999999999999911e+00 4.489613326380276909e-03
1.285000000000000142e+00 4.481630929705983542e-03
1.294999999999999929e+00 4.457797825799309464e-03
1.305000000000000160e+00 4.228395299006089229e-03
1.314999999999999947e+00 3.392301669502870588e-03
1.325000000000000178e+00 3.149333536062875766e-03
1.334999999999999964e+00 3.141461803593093884e-03
1.345000000000000195e+00 3.124717723374356021e-03
1.354999999999999982e+00 3.048231049100413610e-03
1.365000000000000213e+00 2.765906223075413010e-03
1.375000000000000000e+00 2.630036217981585132e-03
1.385000000000000231e+00 2.621893024628011576e-03
1.395000000000000018e+00 2.614046944463350054e-03
1.405000000000000027e+00 2.569782914087657185e-03
1.415000000000000036e+00 2.408702375501170067e-03
1.424999999999999822e+00 2.355098160400761597e-03
1.435000000000000053e+00 2.348781067528269307e-03
1.444999999999999840e+00 2.324273503193327681e-03
1.455000000000000071e+00 2.176255743974356283e-03
1.464999999999999858e+00 1.722507741821304112e-03
1.475000000000000089e+00 1.532207276438894402e-03
1.484999999999999876e+00 1.518341213422214455e-03
1.495000000000000107e+00 1.483901194060181479e-03
1.504999999999999893e+00 1.340404645731138383e-03
1.515000000000000124e+00 8.395281040647735926e-04
1.524999999999999911e+00 6.261089611369750245e-04
1.535000000000000142e+00 6.203854090337436065e-04
1.544999999999999929e+00 6.246897688394374227e-04
1.555000000000000160e+00 6.284027666142448683e-04
1.564999999999999947e+00 6.506275176016086854e-04
1.575000000000000178e+00 6.662735091642591444e-04
1.584999999999999964e+00 6.679221285001641154e-04
1.595000000000000195e+00 6.670286908470816466e-04
1.604999999999999982e+00 6.724781869952868845e-04
1.615000000000000213e+00 6.876090866841862463e-04
1.625000000000000000e+00 6.893179280234599995e-04
1.635000000000000231e+00 6.840933014995731216e-04
1.645000000000000018e+00 6.605184058065276167e-04
1.655000000000000249e+00 5.865221249257499946e-04
1.665000000000000036e+00 3.461747433639535457e-04
1.674999999999999822e+00 2.298575284517117298e-04
1.685000000000000053e+00 2.253028593300337589e-04
1.694999999999999840e+00 2.265960667858023085e-04
1.705000000000000071e+00 2.355298550869449638e-04
1.714999999999999858e+00 2.607309717427362780e-04
1.725000000000000089e+00 2.688402631328566574e-04
1.734999999999999876e+00 2.687740625286231199e-04
1.745000000000000107e+00 2.704843026278513614e-04
1.754999999999999893e+00 2.746878643506869117e-04
1.765000000000000124e+00 2.898652956010412478e-04
1.774999999999999911e+00 2.902033152783050902e-04
1.785000000000000142e+00 2.887377084251950901e-04
1.794999999999999929e+00 2.857868233108498386e-04
1.805000000000000160e+00 2.764447807718389306e-04
1.814999999999999947e+00 2.574166199860205878e-04
1.825000000000000178e+00 2.513294047865798574e-04
1.834999999999999964e+00 2.459956206365959816e-04
1.845000000000000195e+00 2.405276574090558866e-04
1.854999999999999982e+00 2.160941631427676412e-04
1.865000000000000213e+00 1.518891345996557980e-04
1.875000000000000000e+00 1.078795745028177024e-04
1.885000000000000231e+00 1.046233696448579671e-04
1.895000000000000018e+00 1.015416764583955471e-04
1.905000000000000249e+00 1.019708552862497430e-04
1.915000000000000036e+00 1.109193688133335378e-04
1.924999999999999822e+00 1.138310917313382117e-04
1.935000000000000053e+00 1.149384639911968397e-04
1.944999999999999840e+00 1.179283608335616248e-04
1.955000000000000071e+00 1.240647560991966906e-04
1.964999999999999858e+00 1.406453131234634162e-04
1.975000000000000089e+00 1.538481614933397460e-04
1.984999999999999876e+00 1.536874983846308544e-04
1.995000000000000107e+00 1.519419785312555642e-04
2.004999999999999893e+00 1.452434416136530676e-04
2.015000000000000124e+00 1.271423616598414078e-04
2.025000000000000355e+00 1.124604600638821227e-04
2.035000000000000142e+00 1.100245412322306798e-04
2.044999999999999929e+00 1.066739515406299948e-04
2.054999999999999716e+00 9.766434209487597840e-05
2.064999999999999947e+00 7.849558894815765778e-05
2.075000000000000178e+00 6.924335823867503999e-05
2.084999999999999964e+00 6.791378324738060756e-05
2.094999999999999751e+00 6.772892845169284630e-05
2.104999999999999982e+00 6.934136458218707097e-05
2.115000000000000213e+00 8.062666303507597706e-05
2.125000000000000000e+00 8.618328922342137423e-05
2.134999999999999787e+00 8.625685147599330559e-05
2.145000000000000018e+00 8.906764571016360780e-05
2.155000000000000249e+00 9.132091711052187023e-05
2.165000000000000036e+00 9.123542030517651667e-05
2.174999999999999822e+00 8.918851134103396891e-05
2.185000000000000053e+00 8.786580525093068688e-05
2.195000000000000284e+00 8.623765514707338632e-05
2.205000000000000071e+00 8.044571725689685408e-05
2.214999999999999858e+00 6.719423091897813336e-05
2.225000000000000089e+00 5.883183224720864827e-05
2.235000000000000320e+00 5.814766968857242312e-05
2.245000000000000107e+00 5.713339425720057979e-05
2.254999999999999893e+00 5.572208139784005324e-05
2.265000000000000124e+00 5.021042617104890573e-05
2.275000000000000355e+00 4.762390153965202186e-05
2.285000000000000142e+00 4.794168300467000664e-05
2.294999999999999929e+00 4.818198961075955463e-05
2.305000000000000160e+00 5.160609051810817303e-05
2.314999999999999947e+00 5.989083145551031486e-05
2.325000000000000178e+00 6.479531562449015872e-05
2.334999999999999964e+00 6.525268849699737467e-05
2.344999999999999751e+00 6.510662512898854153e-05
2.354999999999999982e+00 6.368003267725440297e-05
2.365000000000000213e+00 6.193640296992949045e-05
2.375000000000000000e+00 6.202132131686786921e-05
2.384999999999999787e+00 6.080435933178625249e-05
2.395000000000000018e+00 5.980247170421866185e-05
2.405000000000000249e+00 5.264102168977313935e-05
2.415000000000000036e+00 3.783070120336412632e-05
2.424999999999999822e+00 2.825109687398716905e-05
2.435000000000000053e+00 2.724794425684305365e-05
2.445000000000000284e+00 2.820635363773675360e-05
2.455000000000000071e+00 3.223087236654542393e-05
2.464999999999999858e+00 4.168997509867837671e-05
2.475000000000000089e+00 4.749201978173593354e-05
2.485000000000000320e+00 4.897088602274535273e-05
2.495000000000000107e+00 4.938639475311363820e-05
2.504999999999999893e+00 5.503781704886565935e-05
2.515000000000000124e+00 6.651127751219243934e-05
2.525000000000000355e+00 7.623691836819702060e-05
2.535000000000000142e+00 7.686588596420734255e-05
2.544999999999999929e+00 7.484689774341914906e-05
2.555000000000000160e+00 6.600326780396041572e-05
2.564999999999999947e+00 4.988895035237370828e-05
2.575000000000000178e+00 3.928916697495259835e-05
2.584999999999999964e+00 3.745152849359182316e-05
2.594999999999999751e+00 3.589528582620984910e-05
2.604999999999999982e+00 3.270242265736493737e-05
2.615000000000000213e+00 2.718471840606784566e-05
2.625000000000000000e+00 2.374320465347307192e-05
2.634999999999999787e+00 2.352754262417551209e-05
2.645000000000000018e+00 2.326500521522592400e-05
2.655000000000000249e+00 2.201683809813722673e-05
2.665000000000000036e+00 2.548469388771561206e-05
2.674999999999999822e+00 2.588844171666279936e-05
2.685000000000000053e+00 2.469987106081672959e-05
2.695000000000000284e+00 2.613067360413259870e-05
2.705000000000000071e+00 3.133170747012068314e-05
2.714999999999999858e+00 3.755967835731587371e-05
2.725000000000000089e+00 4.072676345705040287e-05
2.735000000000000320e+00 4.144499855537325393e-05
2.745000000000000107e+00 4.121644953205705900e-05
2.754999999999999893e+00 4.720900275826972903e-05
2.765000000000000124e+00 5.769836869525533826e-05
2.775000000000000355e+00 6.486689083834024105e-05
2.785000000000000142e+00 6.780273936561335610e-05
2.794999999999999929e+00 6.436779925156109548e-05
2.805000000000000160e+00 6.059177903946900523e-05
2.814999999999999947e+00 5.865723836174246449e-05
2.825000000000000178e+00 5.837313922661385154e-05
2.834999999999999964e+00 5.655956811120004945e-05
2.844999999999999751e+00 5.340984291086982896e-05
2.854999999999999982e+00 4.487084848729179536e-05
2.865000000000000213e+00 3.150728721306576445e-05
2.875000000000000000e+00 2.646982199582763979e-05
2.884999999999999787e+00 2.400978299060090761e-05
2.895000000000000018e+00 2.222472611453129090e-05
2.905000000000000249e+00 2.454355188809809649e-05
2.915000000000000036e+00 2.585756813210493595e-05
2.924999999999999822e+00 2.360219701428165065e-05
2.935000000000000053e+00 2.172859531767787756e-05
2.945000000000000284e+00 1.983445726760882833e-05
2.955000000000000071e+00 2.049558701799622650e-05
2.964999999999999858e+00 2.330735515058307797e-05
2.975000000000000089e+00 2.264891354362912165e-05
2.985000000000000320e+00 2.292469373327564496e-05
2.995000000000000107e+00 1.681628779409614438e-03
