0.000000000000000000e+00 1.237003435436822701e-01
3.333333333333333547e-03 1.242275830851161111e-01
6.666666666666667095e-03 1.252808043760377521e-01
1.000000000000000021e-02 1.268574991116249995e-01
1.333333333333333419e-02 1.289539229561261213e-01
1.666666666666666644e-02 1.315651170764904343e-01
2.000000000000000042e-02 1.346849365038414736e-01
2.333333333333333440e-02 1.383060850297779809e-01
2.666666666666666838e-02 1.424201562798283471e-01
3.000000000000000236e-02 1.470176805471914150e-01
3.333333333333333287e-02 1.520881769170082942e-01
3.666666666666666685e-02 1.576202101655403975e-01
4.000000000000000083e-02 1.636014518803413365e-01
4.333333333333333481e-02 1.700187452172373381e-01
4.666666666666666879e-02 1.768581726879294158e-01
5.000000000000000278e-02 1.841051263584159992e-01
5.333333333333333676e-02 1.917443798331647797e-01
5.666666666666667074e-02 1.997601614028414185e-01
6.000000000000000472e-02 2.081362277441028419e-01
6.333333333333333870e-02 2.168559375780202692e-01
6.666666666666666574e-02 2.259023247185449335e-01
7.000000000000000666e-02 2.352581699733919673e-01
7.333333333333333370e-02 2.449060713960482805e-01
7.666666666666667462e-02 2.548285124284999648e-01
8.000000000000000167e-02 2.650079275188742534e-01
8.333333333333334259e-02 2.754267648456212858e-01
8.666666666666666963e-02 2.860675458292659679e-01
9.000000000000001055e-02 2.969129211632542953e-01
9.333333333333333759e-02 3.079457231462056077e-01
9.666666666666667851e-02 3.191490141481553300e-01
1.000000000000000056e-01 3.305061310924325979e-01
1.033333333333333465e-01 3.420007258819950380e-01
1.066666666666666735e-01 3.536088959646916385e-01
1.100000000000000006e-01 3.653210408607336368e-01
1.133333333333333415e-01 3.771215471252064022e-01
1.166666666666666685e-01 3.889951561948607472e-01
1.200000000000000094e-01 4.009269708598589554e-01
1.233333333333333365e-01 4.129024560717877712e-01
1.266666666666666774e-01 4.249074340576983189e-01
1.300000000000000044e-01 4.369280737259307323e-01
1.333333333333333315e-01 4.489508743654110345e-01
1.366666666666666863e-01 4.609626436569307928e-01
1.400000000000000133e-01 4.729504700337476275e-01
1.433333333333333404e-01 4.849016894508056952e-01
1.466666666666666674e-01 4.968038466481893844e-01
1.500000000000000222e-01 5.086446510262907506e-01
1.533333333333333492e-01 5.204119272887605119e-01
1.566666666666666763e-01 5.320935610557265827e-01
1.600000000000000033e-01 5.436774397049591867e-01
1.633333333333333304e-01 5.551513887634297317e-01
1.666666666666666852e-01 5.665031042465955569e-01
1.700000000000000122e-01 5.777200814280131214e-01
1.733333333333333393e-01 5.887895406174400437e-01
1.766666666666666663e-01 5.996983506309718770e-01
1.800000000000000211e-01 6.104329507510403152e-01
1.833333333333333481e-01 6.209792720958631218e-01
1.866666666666666752e-01 6.313226594453206220e-01
1.900000000000000022e-01 6.414477947007126701e-01
1.933333333333333570e-01 6.513386232865626679e-01
1.966666666666666841e-01 6.609782849299897789e-01
2.000000000000000111e-01 6.703490503732943973e-01
2.033333333333333381e-01 6.794322656838166496e-01
2.066666666666666929e-01 6.882083059171678618e-01
2.100000000000000200e-01 6.966565399605348929e-01
2.133333333333333470e-01 7.047553084268450840e-01
2.166666666666666741e-01 7.124819164830269447e-01
2.200000000000000011e-01 7.198126434714526845e-01
2.233333333333333559e-01 7.267227711183668060e-01
2.266666666666666829e-01 7.331866320125947079e-01
2.300000000000000100e-01 7.391776798787834668e-01
2.333333333333333370e-01 7.446685829593885364e-01
2.366666666666666918e-01 7.496313415571577154e-01
2.400000000000000189e-01 7.540374304743433509e-01
2.433333333333333459e-01 7.578579667154748956e-01
2.466666666666666730e-01 7.610639023852248108e-01
2.500000000000000000e-01 7.636262474123872712e-01
2.533333333333333548e-01 7.655163062238949934e-01
2.566666666666667096e-01 7.667059376493914336e-01
2.600000000000000089e-01 7.671678447072730611e-01
2.633333333333333637e-01 7.668758759087090926e-01
2.666666666666666630e-01 7.658053412657145342e-01
2.700000000000000178e-01 7.639333392996724426e-01
2.733333333333333726e-01 7.612390908960360303e-01
2.766666666666666718e-01 7.577042754199322383e-01
2.800000000000000266e-01 7.533133641311897666e-01
2.833333333333333259e-01 7.480539456333503701e-01
2.866666666666666807e-01 7.419170378733936921e-01
2.900000000000000355e-01 7.348973810890060410e-01
2.933333333333333348e-01 7.269937060879307911e-01
2.966666666666666896e-01 7.182089723465822084e-01
3.000000000000000444e-01 7.085505706373544932e-01
3.033333333333333437e-01 6.980304852376062463e-01
3.066666666666666985e-01 6.866654112367466256e-01
3.099999999999999978e-01 6.744768230364710515e-01
3.133333333333333526e-01 6.614909908250204973e-01
3.166666666666667074e-01 6.477389425881371343e-01
3.200000000000000067e-01 6.332563700829390019e-01
3.233333333333333615e-01 6.180834781292464664e-01
3.266666666666666607e-01 6.022647775466066777e-01
3.300000000000000155e-01 5.858488230632146188e-01
3.333333333333333703e-01 5.688878985225381824e-01
3.366666666666666696e-01 5.514376526915506505e-01
3.400000000000000244e-01 5.335566899077444081e-01
3.433333333333333792e-01 5.153061206679551143e-01
3.466666666666666785e-01 4.967490780390982352e-01
3.500000000000000333e-01 4.779502064398687966e-01
3.533333333333333326e-01 4.589751298864107598e-01
3.566666666666666874e-01 4.398899072001540844e-01
3.600000000000000422e-01 4.207604819321628109e-01
3.633333333333333415e-01 4.016521348589088269e-01
3.666666666666666963e-01 3.826289468469641353e-01
3.700000000000000511e-01 3.637532796702361848e-01
3.733333333333333504e-01 3.450852819987403342e-01
3.766666666666667052e-01 3.266824272719829891e-01
3.800000000000000044e-01 3.085990895358628472e-01
3.833333333333333592e-01 2.908861625757824809e-01
3.866666666666667140e-01 2.735907268392137048e-01
3.900000000000000133e-01 2.567557677291685825e-01
3.933333333333333681e-01 2.404199478882086960e-01
3.966666666666666674e-01 2.246174351038447703e-01
4.000000000000000222e-01 2.093777864736159622e-01
4.033333333333333770e-01 1.947258884943657009e-01
4.066666666666666763e-01 1.806819518066702102e-01
4.100000000000000311e-01 1.672615584516552178e-01
4.133333333333333859e-01 1.544757587009579491e-01
4.166666666666666852e-01 1.423312138160887641e-01
4.200000000000000400e-01 1.308303804927109792e-01
4.233333333333333393e-01 1.199717322570049427e-01
4.266666666666666941e-01 1.097500127106839501e-01
4.300000000000000488e-01 1.001565152705216344e-01
4.333333333333333481e-01 9.117938391641505769e-02
4.366666666666667029e-01 8.280392944512146580e-02
4.400000000000000022e-01 7.501295581827173431e-02
4.433333333333333570e-01 6.778709138418638480e-02
4.466666666666667118e-01 6.110512003258578018e-02
4.500000000000000111e-01 5.494430769719257923e-02
4.533333333333333659e-01 4.928072004012696433e-02
4.566666666666667207e-01 4.408952761994200387e-02
4.600000000000000200e-01 3.934529534802352208e-02
4.633333333333333748e-01 3.502225356199811096e-02
4.666666666666666741e-01 3.109454857646742551e-02
4.700000000000000289e-01 2.753647109844518243e-02
4.733333333333333837e-01 2.432266140611791944e-02
4.766666666666666829e-01 2.142829067517338162e-02
4.800000000000000377e-01 1.882921828865460542e-02
4.833333333333333370e-01 1.650212537743551977e-02
4.866666666666666918e-01 1.442462520394799039e-02
4.900000000000000466e-01 1.257535131831301160e-02
4.933333333333333459e-01 1.093402468168464328e-02
4.966666666666667007e-01 9.481501165988269822e-03
5.000000000000000000e-01 8.199801003211104611e-03
5.033333333333334103e-01 7.072121873003740268e-03
5.066666666666667096e-01 6.082837387554406762e-03
5.100000000000000089e-01 5.217482761246282005e-03
5.133333333333334192e-01 4.462729443822790500e-03
5.166666666666667185e-01 3.806350454378294116e-03
5.200000000000000178e-01 3.237178084390537804e-03
5.233333333333333171e-01 2.745055546202691734e-03
5.266666666666667274e-01 2.320784033748363260e-03
5.300000000000000266e-01 1.956066539589236368e-03
5.333333333333333259e-01 1.643449640893671635e-03
5.366666666666667362e-01 1.376264330836141341e-03
5.400000000000000355e-01 1.148566834614606546e-03
5.433333333333333348e-01 9.550802139667279858e-04
5.466666666666667451e-01 7.911374333282511278e-04
5.500000000000000444e-01 6.526264367420810944e-04
5.533333333333333437e-01 5.359376689448596852e-04
5.566666666666667540e-01 4.379143679325682784e-04
5.600000000000000533e-01 3.558058605292244831e-04
5.633333333333333526e-01 2.872240074749920742e-04
5.666666666666666519e-01 2.301028704104922309e-04
5.700000000000000622e-01 1.826616096865995242e-04
5.733333333333333615e-01 1.433705687713126046e-04
5.766666666666666607e-01 1.109204575766737239e-04
5.800000000000000711e-01 8.419451257473985542e-05
5.833333333333333703e-01 6.224348530541076014e-05
5.866666666666666696e-01 4.426329193812178172e-05
5.900000000000000799e-01 2.957514404838623313e-05
5.933333333333333792e-01 1.760797382732297265e-05
5.966666666666666785e-01 7.882964702448306399e-06
6.000000000000000888e-01 0.000000000000000000e+00
6.033333333333333881e-01 0.000000000000000000e+00
6.066666666666666874e-01 0.000000000000000000e+00
6.099999999999999867e-01 0.000000000000000000e+00
6.133333333333333970e-01 0.000000000000000000e+00
6.166666666666666963e-01 0.000000000000000000e+00
6.199999999999999956e-01 0.000000000000000000e+00
6.233333333333334059e-01 0.000000000000000000e+00
6.266666666666667052e-01 0.000000000000000000e+00
6.300000000000000044e-01 0.000000000000000000e+00
6.333333333333334147e-01 0.000000000000000000e+00
6.366666666666667140e-01 0.000000000000000000e+00
6.400000000000000133e-01 0.000000000000000000e+00
6.433333333333334236e-01 0.000000000000000000e+00
6.466666666666667229e-01 0.000000000000000000e+00
6.500000000000000222e-01 0.000000000000000000e+00
6.533333333333333215e-01 0.000000000000000000e+00
6.566666666666667318e-01 0.000000000000000000e+00
6.600000000000000311e-01 0.000000000000000000e+00
6.633333333333333304e-01 0.000000000000000000e+00
6.666666666666667407e-01 0.000000000000000000e+00
6.700000000000000400e-01 0.000000000000000000e+00
6.733333333333333393e-01 0.000000000000000000e+00
6.766666666666667496e-01 0.000000000000000000e+00
6.800000000000000488e-01 0.000000000000000000e+00
6.833333333333333481e-01 0.000000000000000000e+00
6.866666666666667584e-01 0.000000000000000000e+00
6.900000000000000577e-01 0.000000000000000000e+00
6.933333333333333570e-01 0.000000000000000000e+00
6.966666666666666563e-01 0.000000000000000000e+00
7.000000000000000666e-01 0.000000000000000000e+00
7.033333333333333659e-01 0.000000000000000000e+00
7.066666666666666652e-01 0.000000000000000000e+00
7.100000000000000755e-01 0.000000000000000000e+00
7.133333333333333748e-01 0.000000000000000000e+00
7.166666666666666741e-01 0.000000000000000000e+00
7.200000000000000844e-01 0.000000000000000000e+00
7.233333333333333837e-01 0.000000000000000000e+00
7.266666666666666829e-01 0.000000000000000000e+00
7.300000000000000933e-01 0.000000000000000000e+00
7.333333333333333925e-01 0.000000000000000000e+00
7.366666666666666918e-01 0.000000000000000000e+00
7.400000000000001021e-01 0.000000000000000000e+00
7.433333333333334014e-01 0.000000000000000000e+00
7.466666666666667007e-01 0.000000000000000000e+00
7.500000000000000000e-01 0.000000000000000000e+00
7.533333333333334103e-01 0.000000000000000000e+00
7.566666666666667096e-01 0.000000000000000000e+00
7.600000000000000089e-01 0.000000000000000000e+00
7.633333333333334192e-01 0.000000000000000000e+00
7.666666666666667185e-01 0.000000000000000000e+00
7.700000000000000178e-01 0.000000000000000000e+00
7.733333333333334281e-01 0.000000000000000000e+00
7.766666666666667274e-01 0.000000000000000000e+00
7.800000000000000266e-01 0.000000000000000000e+00
7.833333333333334370e-01 0.000000000000000000e+00
7.866666666666667362e-01 0.000000000000000000e+00
7.900000000000000355e-01 0.000000000000000000e+00
7.933333333333333348e-01 0.000000000000000000e+00
7.966666666666667451e-01 0.000000000000000000e+00
8.000000000000000444e-01 0.000000000000000000e+00
8.033333333333333437e-01 0.000000000000000000e+00
8.066666666666667540e-01 0.000000000000000000e+00
8.100000000000000533e-01 0.000000000000000000e+00
8.133333333333333526e-01 0.000000000000000000e+00
8.166666666666667629e-01 0.000000000000000000e+00
8.200000000000000622e-01 0.000000000000000000e+00
8.233333333333333615e-01 0.000000000000000000e+00
8.266666666666667718e-01 0.000000000000000000e+00
8.300000000000000711e-01 0.000000000000000000e+00
8.333333333333333703e-01 0.000000000000000000e+00
8.366666666666666696e-01 0.000000000000000000e+00
8.400000000000000799e-01 0.000000000000000000e+00
8.433333333333333792e-01 0.000000000000000000e+00
8.466666666666666785e-01 0.000000000000000000e+00
8.500000000000000888e-01 0.000000000000000000e+00
8.533333333333333881e-01 0.000000000000000000e+00
8.566666666666666874e-01 0.000000000000000000e+00
8.600000000000000977e-01 0.000000000000000000e+00
8.633333333333333970e-01 0.000000000000000000e+00
8.666666666666666963e-01 0.000000000000000000e+00
8.700000000000001066e-01 0.000000000000000000e+00
8.733333333333334059e-01 0.000000000000000000e+00
8.766666666666667052e-01 0.000000000000000000e+00
8.800000000000000044e-01 0.000000000000000000e+00
8.833333333333334147e-01 0.000000000000000000e+00
8.866666666666667140e-01 0.000000000000000000e+00
8.900000000000000133e-01 0.000000000000000000e+00
8.933333333333334236e-01 0.000000000000000000e+00
8.966666666666667229e-01 0.000000000000000000e+00
9.000000000000000222e-01 0.000000000000000000e+00
9.033333333333334325e-01 0.000000000000000000e+00
9.066666666666667318e-01 0.000000000000000000e+00
9.100000000000000311e-01 0.000000000000000000e+00
9.133333333333334414e-01 0.000000000000000000e+00
9.166666666666667407e-01 0.000000000000000000e+00
9.200000000000000400e-01 0.000000000000000000e+00
9.233333333333333393e-01 0.000000000000000000e+00
9.266666666666667496e-01 0.000000000000000000e+00
9.300000000000000488e-01 0.000000000000000000e+00
9.333333333333333481e-01 0.000000000000000000e+00
9.366666666666667584e-01 0.000000000000000000e+00
9.400000000000000577e-01 0.000000000000000000e+00
9.433333333333333570e-01 0.000000000000000000e+00
9.466666666666667673e-01 0.000000000000000000e+00
9.500000000000000666e-01 0.000000000000000000e+00
9.533333333333333659e-01 0.000000000000000000e+00
9.566666666666667762e-01 0.000000000000000000e+00
9.600000000000000755e-01 0.000000000000000000e+00
9.633333333333333748e-01 0.000000000000000000e+00
9.666666666666666741e-01 0.000000000000000000e+00
9.700000000000000844e-01 0.000000000000000000e+00
9.733333333333333837e-01 0.000000000000000000e+00
9.766666666666666829e-01 0.000000000000000000e+00
9.800000000000000933e-01 0.000000000000000000e+00
9.833333333333333925e-01 0.000000000000000000e+00
9.866666666666666918e-01 0.000000000000000000e+00
9.900000000000001021e-01 0.000000000000000000e+00
9.933333333333334014e-01 0.000000000000000000e+00
9.966666666666667007e-01 0.000000000000000000e+00
1.000000000000000000e+00 0.000000000000000000e+00
1.003333333333333410e+00 0.000000000000000000e+00
1.006666666666666821e+00 0.000000000000000000e+00
1.010000000000000009e+00 0.000000000000000000e+00
1.013333333333333419e+00 0.000000000000000000e+00
1.016666666666666829e+00 0.000000000000000000e+00
1.020000000000000018e+00 0.000000000000000000e+00
1.023333333333333428e+00 0.000000000000000000e+00
1.026666666666666838e+00 0.000000000000000000e+00
1.030000000000000027e+00 0.000000000000000000e+00
1.033333333333333437e+00 0.000000000000000000e+00
1.036666666666666625e+00 0.000000000000000000e+00
1.040000000000000036e+00 0.000000000000000000e+00
1.043333333333333446e+00 0.000000000000000000e+00
1.046666666666666634e+00 0.000000000000000000e+00
1.050000000000000044e+00 0.000000000000000000e+00
1.053333333333333455e+00 0.000000000000000000e+00
1.056666666666666643e+00 0.000000000000000000e+00
1.060000000000000053e+00 0.000000000000000000e+00
1.063333333333333464e+00 0.000000000000000000e+00
1.066666666666666652e+00 0.000000000000000000e+00
1.070000000000000062e+00 0.000000000000000000e+00
1.073333333333333472e+00 0.000000000000000000e+00
1.076666666666666661e+00 0.000000000000000000e+00
1.080000000000000071e+00 0.000000000000000000e+00
1.083333333333333481e+00 0.000000000000000000e+00
1.086666666666666670e+00 0.000000000000000000e+00
1.090000000000000080e+00 0.000000000000000000e+00
1.093333333333333490e+00 0.000000000000000000e+00
1.096666666666666679e+00 0.000000000000000000e+00
1.100000000000000089e+00 0.000000000000000000e+00
1.103333333333333499e+00 0.000000000000000000e+00
1.106666666666666687e+00 0.000000000000000000e+00
1.110000000000000098e+00 0.000000000000000000e+00
1.113333333333333508e+00 0.000000000000000000e+00
1.116666666666666696e+00 0.000000000000000000e+00
1.120000000000000107e+00 0.000000000000000000e+00
1.123333333333333295e+00 0.000000000000000000e+00
1.126666666666666705e+00 0.000000000000000000e+00
1.130000000000000115e+00 0.000000000000000000e+00
1.133333333333333304e+00 0.000000000000000000e+00
1.136666666666666714e+00 0.000000000000000000e+00
1.140000000000000124e+00 0.000000000000000000e+00
1.143333333333333313e+00 0.000000000000000000e+00
1.146666666666666723e+00 0.000000000000000000e+00
1.150000000000000133e+00 0.000000000000000000e+00
1.153333333333333321e+00 0.000000000000000000e+00
1.156666666666666732e+00 0.000000000000000000e+00
1.160000000000000142e+00 0.000000000000000000e+00
1.163333333333333330e+00 0.000000000000000000e+00
1.166666666666666741e+00 0.000000000000000000e+00
1.170000000000000151e+00 0.000000000000000000e+00
1.173333333333333339e+00 0.000000000000000000e+00
1.176666666666666750e+00 0.000000000000000000e+00
1.180000000000000160e+00 0.000000000000000000e+00
1.183333333333333348e+00 0.000000000000000000e+00
1.186666666666666758e+00 0.000000000000000000e+00
1.190000000000000169e+00 0.000000000000000000e+00
1.193333333333333357e+00 0.000000000000000000e+00
1.196666666666666767e+00 0.000000000000000000e+00
1.200000000000000178e+00 0.000000000000000000e+00
1.203333333333333366e+00 0.000000000000000000e+00
1.206666666666666776e+00 0.000000000000000000e+00
1.210000000000000187e+00 0.000000000000000000e+00
1.213333333333333375e+00 0.000000000000000000e+00
1.216666666666666785e+00 0.000000000000000000e+00
1.219999999999999973e+00 0.000000000000000000e+00
1.223333333333333384e+00 0.000000000000000000e+00
1.226666666666666794e+00 0.000000000000000000e+00
1.229999999999999982e+00 0.000000000000000000e+00
1.233333333333333393e+00 0.000000000000000000e+00
1.236666666666666803e+00 0.000000000000000000e+00
1.239999999999999991e+00 0.000000000000000000e+00
1.243333333333333401e+00 0.000000000000000000e+00
1.246666666666666812e+00 0.000000000000000000e+00
1.250000000000000000e+00 0.000000000000000000e+00
1.253333333333333410e+00 0.000000000000000000e+00
1.256666666666666821e+00 0.000000000000000000e+00
1.260000000000000009e+00 0.000000000000000000e+00
1.263333333333333419e+00 0.000000000000000000e+00
1.266666666666666829e+00 0.000000000000000000e+00
1.270000000000000018e+00 0.000000000000000000e+00
1.273333333333333428e+00 0.000000000000000000e+00
1.276666666666666838e+00 0.000000000000000000e+00
1.280000000000000027e+00 0.000000000000000000e+00
1.283333333333333437e+00 0.000000000000000000e+00
1.286666666666666847e+00 0.000000000000000000e+00
1.290000000000000036e+00 0.000000000000000000e+00
1.293333333333333446e+00 0.000000000000000000e+00
1.296666666666666856e+00 0.000000000000000000e+00
1.300000000000000044e+00 0.000000000000000000e+00
1.303333333333333455e+00 0.000000000000000000e+00
1.306666666666666643e+00 0.000000000000000000e+00
1.310000000000000053e+00 0.000000000000000000e+00
1.313333333333333464e+00 0.000000000000000000e+00
1.316666666666666652e+00 0.000000000000000000e+00
1.320000000000000062e+00 0.000000000000000000e+00
1.323333333333333472e+00 0.000000000000000000e+00
1.326666666666666661e+00 0.000000000000000000e+00
1.330000000000000071e+00 0.000000000000000000e+00
1.333333333333333481e+00 0.000000000000000000e+00
1.336666666666666670e+00 0.000000000000000000e+00
1.340000000000000080e+00 0.000000000000000000e+00
1.343333333333333490e+00 0.000000000000000000e+00
1.346666666666666679e+00 0.000000000000000000e+00
1.350000000000000089e+00 0.000000000000000000e+00
1.353333333333333499e+00 0.000000000000000000e+00
1.356666666666666687e+00 0.000000000000000000e+00
1.360000000000000098e+00 0.000000000000000000e+00
1.363333333333333508e+00 0.000000000000000000e+00
1.366666666666666696e+00 0.000000000000000000e+00
1.370000000000000107e+00 0.000000000000000000e+00
1.373333333333333517e+00 0.000000000000000000e+00
1.376666666666666705e+00 0.000000000000000000e+00
1.380000000000000115e+00 0.000000000000000000e+00
1.383333333333333526e+00 0.000000000000000000e+00
1.386666666666666714e+00 0.000000000000000000e+00
1.390000000000000124e+00 0.000000000000000000e+00
1.393333333333333313e+00 0.000000000000000000e+00
1.396666666666666723e+00 0.000000000000000000e+00
1.400000000000000133e+00 0.000000000000000000e+00
1.403333333333333321e+00 0.000000000000000000e+00
1.406666666666666732e+00 0.000000000000000000e+00
1.410000000000000142e+00 0.000000000000000000e+00
1.413333333333333330e+00 0.000000000000000000e+00
1.416666666666666741e+00 0.000000000000000000e+00
1.420000000000000151e+00 0.000000000000000000e+00
1.423333333333333339e+00 0.000000000000000000e+00
1.426666666666666750e+00 0.000000000000000000e+00
1.430000000000000160e+00 0.000000000000000000e+00
1.433333333333333348e+00 0.000000000000000000e+00
1.436666666666666758e+00 0.000000000000000000e+00
1.440000000000000169e+00 0.000000000000000000e+00
1.443333333333333357e+00 0.000000000000000000e+00
1.446666666666666767e+00 0.000000000000000000e+00
1.450000000000000178e+00 0.000000000000000000e+00
1.453333333333333366e+00 0.000000000000000000e+00
1.456666666666666776e+00 0.000000000000000000e+00
1.460000000000000187e+00 0.000000000000000000e+00
1.463333333333333375e+00 0.000000000000000000e+00
1.466666666666666785e+00 0.000000000000000000e+00
1.470000000000000195e+00 0.000000000000000000e+00
1.473333333333333384e+00 0.000000000000000000e+00
1.476666666666666794e+00 0.000000000000000000e+00
1.480000000000000204e+00 0.000000000000000000e+00
1.483333333333333393e+00 0.000000000000000000e+00
1.486666666666666803e+00 0.000000000000000000e+00
1.489999999999999991e+00 0.000000000000000000e+00
1.493333333333333401e+00 0.000000000000000000e+00
1.496666666666666812e+00 0.000000000000000000e+00
1.500000000000000000e+00 0.000000000000000000e+00
1.503333333333333410e+00 0.000000000000000000e+00
1.506666666666666821e+00 0.000000000000000000e+00
1.510000000000000009e+00 0.000000000000000000e+00
1.513333333333333419e+00 0.000000000000000000e+00
1.516666666666666829e+00 0.000000000000000000e+00
1.520000000000000018e+00 0.000000000000000000e+00
1.523333333333333428e+00 0.000000000000000000e+00
1.526666666666666838e+00 0.000000000000000000e+00
1.530000000000000027e+00 0.000000000000000000e+00
1.533333333333333437e+00 0.000000000000000000e+00
1.536666666666666847e+00 0.000000000000000000e+00
1.540000000000000036e+00 0.000000000000000000e+00
1.543333333333333446e+00 0.000000000000000000e+00
1.546666666666666856e+00 0.000000000000000000e+00
1.550000000000000044e+00 0.000000000000000000e+00
1.553333333333333455e+00 0.000000000000000000e+00
1.556666666666666865e+00 0.000000000000000000e+00
1.560000000000000053e+00 0.000000000000000000e+00
1.563333333333333464e+00 0.000000000000000000e+00
1.566666666666666874e+00 0.000000000000000000e+00
1.570000000000000062e+00 0.000000000000000000e+00
1.573333333333333472e+00 0.000000000000000000e+00
1.576666666666666661e+00 0.000000000000000000e+00
1.580000000000000071e+00 0.000000000000000000e+00
1.583333333333333481e+00 0.000000000000000000e+00
1.586666666666666670e+00 0.000000000000000000e+00
1.590000000000000080e+00 0.000000000000000000e+00
1.593333333333333490e+00 0.000000000000000000e+00
1.596666666666666679e+00 0.000000000000000000e+00
1.600000000000000089e+00 0.000000000000000000e+00
1.603333333333333499e+00 0.000000000000000000e+00
1.606666666666666687e+00 0.000000000000000000e+00
1.610000000000000098e+00 0.000000000000000000e+00
1.613333333333333508e+00 0.000000000000000000e+00
1.616666666666666696e+00 0.000000000000000000e+00
1.620000000000000107e+00 0.000000000000000000e+00
1.623333333333333517e+00 0.000000000000000000e+00
1.626666666666666705e+00 0.000000000000000000e+00
1.630000000000000115e+00 0.000000000000000000e+00
1.633333333333333526e+00 0.000000000000000000e+00
1.636666666666666714e+00 0.000000000000000000e+00
1.640000000000000124e+00 0.000000000000000000e+00
1.643333333333333535e+00 0.000000000000000000e+00
1.646666666666666723e+00 0.000000000000000000e+00
1.650000000000000133e+00 0.000000000000000000e+00
1.653333333333333544e+00 0.000000000000000000e+00
1.656666666666666732e+00 0.000000000000000000e+00
1.660000000000000142e+00 0.000000000000000000e+00
1.663333333333333330e+00 0.000000000000000000e+00
1.666666666666666741e+00 0.000000000000000000e+00
1.670000000000000151e+00 0.000000000000000000e+00
1.673333333333333339e+00 0.000000000000000000e+00
1.676666666666666750e+00 0.000000000000000000e+00
1.680000000000000160e+00 0.000000000000000000e+00
1.683333333333333348e+00 0.000000000000000000e+00
1.686666666666666758e+00 0.000000000000000000e+00
1.690000000000000169e+00 0.000000000000000000e+00
1.693333333333333357e+00 0.000000000000000000e+00
1.696666666666666767e+00 0.000000000000000000e+00
1.700000000000000178e+00 0.000000000000000000e+00
1.703333333333333366e+00 0.000000000000000000e+00
1.706666666666666776e+00 0.000000000000000000e+00
1.710000000000000187e+00 0.000000000000000000e+00
1.713333333333333375e+00 0.000000000000000000e+00
1.716666666666666785e+00 0.000000000000000000e+00
1.720000000000000195e+00 0.000000000000000000e+00
1.723333333333333384e+00 0.000000000000000000e+00
1.726666666666666794e+00 0.000000000000000000e+00
1.730000000000000204e+00 0.000000000000000000e+00
1.733333333333333393e+00 0.000000000000000000e+00
1.736666666666666803e+00 0.000000000000000000e+00
1.740000000000000213e+00 0.000000000000000000e+00
1.743333333333333401e+00 0.000000000000000000e+00
1.746666666666666812e+00 0.000000000000000000e+00
1.750000000000000222e+00 0.000000000000000000e+00
1.753333333333333410e+00 0.000000000000000000e+00
1.756666666666666821e+00 0.000000000000000000e+00
1.760000000000000009e+00 0.000000000000000000e+00
1.763333333333333419e+00 0.000000000000000000e+00
1.766666666666666829e+00 0.000000000000000000e+00
1.770000000000000018e+00 0.000000000000000000e+00
1.773333333333333428e+00 0.000000000000000000e+00
1.776666666666666838e+00 0.000000000000000000e+00
1.780000000000000027e+00 0.000000000000000000e+00
1.783333333333333437e+00 0.000000000000000000e+00
1.786666666666666847e+00 0.000000000000000000e+00
1.790000000000000036e+00 0.000000000000000000e+00
1.793333333333333446e+00 0.000000000000000000e+00
1.796666666666666856e+00 0.000000000000000000e+00
1.800000000000000044e+00 0.000000000000000000e+00
1.803333333333333455e+00 0.000000000000000000e+00
1.806666666666666865e+00 0.000000000000000000e+00
1.810000000000000053e+00 0.000000000000000000e+00
1.813333333333333464e+00 0.000000000000000000e+00
1.816666666666666874e+00 0.000000000000000000e+00
1.820000000000000062e+00 0.000000000000000000e+00
1.823333333333333472e+00 0.000000000000000000e+00
1.826666666666666883e+00 0.000000000000000000e+00
1.830000000000000071e+00 0.000000000000000000e+00
1.833333333333333481e+00 0.000000000000000000e+00
1.836666666666666892e+00 0.000000000000000000e+00
1.840000000000000080e+00 0.000000000000000000e+00
1.843333333333333490e+00 0.000000000000000000e+00
1.846666666666666679e+00 0.000000000000000000e+00
1.850000000000000089e+00 0.000000000000000000e+00
1.853333333333333499e+00 0.000000000000000000e+00
1.856666666666666687e+00 0.000000000000000000e+00
1.860000000000000098e+00 0.000000000000000000e+00
1.863333333333333508e+00 0.000000000000000000e+00
1.866666666666666696e+00 0.000000000000000000e+00
1.870000000000000107e+00 0.000000000000000000e+00
1.873333333333333517e+00 0.000000000000000000e+00
1.876666666666666705e+00 0.000000000000000000e+00
1.880000000000000115e+00 0.000000000000000000e+00
1.883333333333333526e+00 0.000000000000000000e+00
1.886666666666666714e+00 0.000000000000000000e+00
1.890000000000000124e+00 0.000000000000000000e+00
1.893333333333333535e+00 0.000000000000000000e+00
1.896666666666666723e+00 0.000000000000000000e+00
1.900000000000000133e+00 0.000000000000000000e+00
1.903333333333333544e+00 0.000000000000000000e+00
1.906666666666666732e+00 0.000000000000000000e+00
1.910000000000000142e+00 0.000000000000000000e+00
1.913333333333333552e+00 0.000000000000000000e+00
1.916666666666666741e+00 0.000000000000000000e+00
1.920000000000000151e+00 0.000000000000000000e+00
1.923333333333333561e+00 0.000000000000000000e+00
1.926666666666666750e+00 0.000000000000000000e+00
1.930000000000000160e+00 0.000000000000000000e+00
1.933333333333333348e+00 0.000000000000000000e+00
1.936666666666666758e+00 0.000000000000000000e+00
1.940000000000000169e+00 0.000000000000000000e+00
1.943333333333333357e+00 0.000000000000000000e+00
1.946666666666666767e+00 0.000000000000000000e+00
1.950000000000000178e+00 0.000000000000000000e+00
1.953333333333333366e+00 0.000000000000000000e+00
1.956666666666666776e+00 0.000000000000000000e+00
1.960000000000000187e+00 0.000000000000000000e+00
1.963333333333333375e+00 0.000000000000000000e+00
1.966666666666666785e+00 0.000000000000000000e+00
1.970000000000000195e+00 0.000000000000000000e+00
1.973333333333333384e+00 0.000000000000000000e+00
1.976666666666666794e+00 0.000000000000000000e+00
1.980000000000000204e+00 0.000000000000000000e+00
1.983333333333333393e+00 0.000000000000000000e+00
1.986666666666666803e+00 0.000000000000000000e+00
1.990000000000000213e+00 0.000000000000000000e+00
1.993333333333333401e+00 0.000000000000000000e+00
1.996666666666666812e+00 0.000000000000000000e+00
2.000000000000000000e+00 0.000000000000000000e+00
2.003333333333333410e+00 0.000000000000000000e+00
2.006666666666666821e+00 0.000000000000000000e+00
2.010000000000000231e+00 0.000000000000000000e+00
2.013333333333333641e+00 0.000000000000000000e+00
2.016666666666666607e+00 0.000000000000000000e+00
2.020000000000000018e+00 0.000000000000000000e+00
2.023333333333333428e+00 0.000000000000000000e+00
2.026666666666666838e+00 0.000000000000000000e+00
2.030000000000000249e+00 0.000000000000000000e+00
2.033333333333333659e+00 0.000000000000000000e+00
2.036666666666666625e+00 0.000000000000000000e+00
2.040000000000000036e+00 0.000000000000000000e+00
2.043333333333333446e+00 0.000000000000000000e+00
2.046666666666666856e+00 0.000000000000000000e+00
2.050000000000000266e+00 0.000000000000000000e+00
2.053333333333333677e+00 0.000000000000000000e+00
2.056666666666666643e+00 0.000000000000000000e+00
2.060000000000000053e+00 0.000000000000000000e+00
2.063333333333333464e+00 0.000000000000000000e+00
2.066666666666666874e+00 0.000000000000000000e+00
2.070000000000000284e+00 0.000000000000000000e+00
2.073333333333333250e+00 0.000000000000000000e+00
2.076666666666666661e+00 0.000000000000000000e+00
2.080000000000000071e+00 0.000000000000000000e+00
2.083333333333333481e+00 0.000000000000000000e+00
2.086666666666666892e+00 0.000000000000000000e+00
2.090000000000000302e+00 0.000000000000000000e+00
2.093333333333333268e+00 0.000000000000000000e+00
2.096666666666666679e+00 0.000000000000000000e+00
2.100000000000000089e+00 0.000000000000000000e+00
2.103333333333333499e+00 0.000000000000000000e+00
2.106666666666666909e+00 0.000000000000000000e+00
2.110000000000000320e+00 0.000000000000000000e+00
2.113333333333333286e+00 0.000000000000000000e+00
2.116666666666666696e+00 0.000000000000000000e+00
2.120000000000000107e+00 0.000000000000000000e+00
2.123333333333333517e+00 0.000000000000000000e+00
2.126666666666666927e+00 0.000000000000000000e+00
2.130000000000000338e+00 0.000000000000000000e+00
2.133333333333333304e+00 0.000000000000000000e+00
2.136666666666666714e+00 0.000000000000000000e+00
2.140000000000000124e+00 0.000000000000000000e+00
2.143333333333333535e+00 0.000000000000000000e+00
2.146666666666666945e+00 0.000000000000000000e+00
2.150000000000000355e+00 0.000000000000000000e+00
2.153333333333333321e+00 0.000000000000000000e+00
2.156666666666666732e+00 0.000000000000000000e+00
2.160000000000000142e+00 0.000000000000000000e+00
2.163333333333333552e+00 0.000000000000000000e+00
2.166666666666666963e+00 0.000000000000000000e+00
2.169999999999999929e+00 0.000000000000000000e+00
2.173333333333333339e+00 0.000000000000000000e+00
2.176666666666666750e+00 0.000000000000000000e+00
2.180000000000000160e+00 0.000000000000000000e+00
2.183333333333333570e+00 0.000000000000000000e+00
2.186666666666666980e+00 0.000000000000000000e+00
2.189999999999999947e+00 0.000000000000000000e+00
2.193333333333333357e+00 0.000000000000000000e+00
2.196666666666666767e+00 0.000000000000000000e+00
2.200000000000000178e+00 0.000000000000000000e+00
2.203333333333333588e+00 0.000000000000000000e+00
2.206666666666666998e+00 0.000000000000000000e+00
2.209999999999999964e+00 0.000000000000000000e+00
2.213333333333333375e+00 0.000000000000000000e+00
2.216666666666666785e+00 0.000000000000000000e+00
2.220000000000000195e+00 0.000000000000000000e+00
2.223333333333333606e+00 0.000000000000000000e+00
2.226666666666667016e+00 0.000000000000000000e+00
2.229999999999999982e+00 0.000000000000000000e+00
2.233333333333333393e+00 0.000000000000000000e+00
2.236666666666666803e+00 0.000000000000000000e+00
2.240000000000000213e+00 0.000000000000000000e+00
2.243333333333333623e+00 0.000000000000000000e+00
2.246666666666666590e+00 0.000000000000000000e+00
2.250000000000000000e+00 0.000000000000000000e+00
2.253333333333333410e+00 0.000000000000000000e+00
2.256666666666666821e+00 0.000000000000000000e+00
2.260000000000000231e+00 0.000000000000000000e+00
2.263333333333333641e+00 0.000000000000000000e+00
2.266666666666666607e+00 0.000000000000000000e+00
2.270000000000000018e+00 0.000000000000000000e+00
2.273333333333333428e+00 0.000000000000000000e+00
2.276666666666666838e+00 0.000000000000000000e+00
2.280000000000000249e+00 0.000000000000000000e+00
2.283333333333333659e+00 0.000000000000000000e+00
2.286666666666666625e+00 0.000000000000000000e+00
2.290000000000000036e+00 0.000000000000000000e+00
2.293333333333333446e+00 0.000000000000000000e+00
2.296666666666666856e+00 0.000000000000000000e+00
2.300000000000000266e+00 0.000000000000000000e+00
2.303333333333333677e+00 0.000000000000000000e+00
2.306666666666666643e+00 0.000000000000000000e+00
2.310000000000000053e+00 0.000000000000000000e+00
2.313333333333333464e+00 0.000000000000000000e+00
2.316666666666666874e+00 0.000000000000000000e+00
2.320000000000000284e+00 0.000000000000000000e+00
2.323333333333333695e+00 0.000000000000000000e+00
2.326666666666666661e+00 0.000000000000000000e+00
2.330000000000000071e+00 0.000000000000000000e+00
2.333333333333333481e+00 0.000000000000000000e+00
2.336666666666666892e+00 0.000000000000000000e+00
2.340000000000000302e+00 0.000000000000000000e+00
2.343333333333333268e+00 0.000000000000000000e+00
2.346666666666666679e+00 0.000000000000000000e+00
2.350000000000000089e+00 0.000000000000000000e+00
2.353333333333333499e+00 0.000000000000000000e+00
2.356666666666666909e+00 0.000000000000000000e+00
2.360000000000000320e+00 0.000000000000000000e+00
2.363333333333333286e+00 0.000000000000000000e+00
2.366666666666666696e+00 0.000000000000000000e+00
2.370000000000000107e+00 0.000000000000000000e+00
2.373333333333333517e+00 0.000000000000000000e+00
2.376666666666666927e+00 0.000000000000000000e+00
2.380000000000000338e+00 0.000000000000000000e+00
2.383333333333333304e+00 0.000000000000000000e+00
2.386666666666666714e+00 0.000000000000000000e+00
2.390000000000000124e+00 0.000000000000000000e+00
2.393333333333333535e+00 0.000000000000000000e+00
2.396666666666666945e+00 0.000000000000000000e+00
2.400000000000000355e+00 0.000000000000000000e+00
2.403333333333333321e+00 0.000000000000000000e+00
2.406666666666666732e+00 0.000000000000000000e+00
2.410000000000000142e+00 0.000000000000000000e+00
2.413333333333333552e+00 0.000000000000000000e+00
2.416666666666666963e+00 0.000000000000000000e+00
2.420000000000000373e+00 0.000000000000000000e+00
2.423333333333333339e+00 0.000000000000000000e+00
2.426666666666666750e+00 0.000000000000000000e+00
2.430000000000000160e+00 0.000000000000000000e+00
2.433333333333333570e+00 0.000000000000000000e+00
2.436666666666666980e+00 0.000000000000000000e+00
2.439999999999999947e+00 0.000000000000000000e+00
2.443333333333333357e+00 0.000000000000000000e+00
2.446666666666666767e+00 0.000000000000000000e+00
2.450000000000000178e+00 0.000000000000000000e+00
2.453333333333333588e+00 0.000000000000000000e+00
2.456666666666666998e+00 0.000000000000000000e+00
2.459999999999999964e+00 0.000000000000000000e+00
2.463333333333333375e+00 0.000000000000000000e+00
2.466666666666666785e+00 0.000000000000000000e+00
2.470000000000000195e+00 0.000000000000000000e+00
2.473333333333333606e+00 0.000000000000000000e+00
2.476666666666667016e+00 0.000000000000000000e+00
2.479999999999999982e+00 0.000000000000000000e+00
2.483333333333333393e+00 0.000000000000000000e+00
2.486666666666666803e+00 0.000000000000000000e+00
2.490000000000000213e+00 0.000000000000000000e+00
2.493333333333333623e+00 0.000000000000000000e+00
2.496666666666667034e+00 0.000000000000000000e+00
2.500000000000000000e+00 0.000000000000000000e+00
2.503333333333333410e+00 0.000000000000000000e+00
2.506666666666666821e+00 0.000000000000000000e+00
2.510000000000000231e+00 0.000000000000000000e+00
2.513333333333333641e+00 0.000000000000000000e+00
2.516666666666666607e+00 0.000000000000000000e+00
2.520000000000000018e+00 0.000000000000000000e+00
2.523333333333333428e+00 0.000000000000000000e+00
2.526666666666666838e+00 0.000000000000000000e+00
2.530000000000000249e+00 0.000000000000000000e+00
2.533333333333333659e+00 0.000000000000000000e+00
2.536666666666666625e+00 0.000000000000000000e+00
2.540000000000000036e+00 0.000000000000000000e+00
2.543333333333333446e+00 0.000000000000000000e+00
2.546666666666666856e+00 0.000000000000000000e+00
2.550000000000000266e+00 0.000000000000000000e+00
2.553333333333333677e+00 0.000000000000000000e+00
2.556666666666666643e+00 0.000000000000000000e+00
2.560000000000000053e+00 0.000000000000000000e+00
2.563333333333333464e+00 0.000000000000000000e+00
2.566666666666666874e+00 0.000000000000000000e+00
2.570000000000000284e+00 0.000000000000000000e+00
2.573333333333333695e+00 0.000000000000000000e+00
2.576666666666666661e+00 0.000000000000000000e+00
2.580000000000000071e+00 0.000000000000000000e+00
2.583333333333333481e+00 0.000000000000000000e+00
2.586666666666666892e+00 0.000000000000000000e+00
2.590000000000000302e+00 0.000000000000000000e+00
2.593333333333333712e+00 0.000000000000000000e+00
2.596666666666666679e+00 0.000000000000000000e+00
2.600000000000000089e+00 0.000000000000000000e+00
2.603333333333333499e+00 0.000000000000000000e+00
2.606666666666666909e+00 0.000000000000000000e+00
2.610000000000000320e+00 0.000000000000000000e+00
2.613333333333333286e+00 0.000000000000000000e+00
2.616666666666666696e+00 0.000000000000000000e+00
2.620000000000000107e+00 0.000000000000000000e+00
2.623333333333333517e+00 0.000000000000000000e+00
2.626666666666666927e+00 0.000000000000000000e+00
2.630000000000000338e+00 0.000000000000000000e+00
2.633333333333333304e+00 0.000000000000000000e+00
2.636666666666666714e+00 0.000000000000000000e+00
2.640000000000000124e+00 0.000000000000000000e+00
2.643333333333333535e+00 0.000000000000000000e+00
2.646666666666666945e+00 0.000000000000000000e+00
2.650000000000000355e+00 0.000000000000000000e+00
2.653333333333333321e+00 0.000000000000000000e+00
2.656666666666666732e+00 0.000000000000000000e+00
2.660000000000000142e+00 0.000000000000000000e+00
2.663333333333333552e+00 0.000000000000000000e+00
2.666666666666666963e+00 0.000000000000000000e+00
2.670000000000000373e+00 0.000000000000000000e+00
2.673333333333333339e+00 0.000000000000000000e+00
2.676666666666666750e+00 0.000000000000000000e+00
2.680000000000000160e+00 0.000000000000000000e+00
2.683333333333333570e+00 0.000000000000000000e+00
2.686666666666666980e+00 0.000000000000000000e+00
2.690000000000000391e+00 0.000000000000000000e+00
2.693333333333333357e+00 0.000000000000000000e+00
2.696666666666666767e+00 0.000000000000000000e+00
2.700000000000000178e+00 0.000000000000000000e+00
2.703333333333333588e+00 0.000000000000000000e+00
2.706666666666666998e+00 0.000000000000000000e+00
2.709999999999999964e+00 0.000000000000000000e+00
2.713333333333333375e+00 0.000000000000000000e+00
2.716666666666666785e+00 0.000000000000000000e+00
2.720000000000000195e+00 0.000000000000000000e+00
2.723333333333333606e+00 0.000000000000000000e+00
2.726666666666667016e+00 0.000000000000000000e+00
2.729999999999999982e+00 0.000000000000000000e+00
2.733333333333333393e+00 0.000000000000000000e+00
2.736666666666666803e+00 0.000000000000000000e+00
2.740000000000000213e+00 0.000000000000000000e+00
2.743333333333333623e+00 0.000000000000000000e+00
2.746666666666667034e+00 0.000000000000000000e+00
2.750000000000000000e+00 0.000000000000000000e+00
2.753333333333333410e+00 0.000000000000000000e+00
2.756666666666666821e+00 0.000000000000000000e+00
2.760000000000000231e+00 0.000000000000000000e+00
2.763333333333333641e+00 0.000000000000000000e+00
2.766666666666667052e+00 0.000000000000000000e+00
2.770000000000000018e+00 0.000000000000000000e+00
2.773333333333333428e+00 0.000000000000000000e+00
2.776666666666666838e+00 0.000000000000000000e+00
2.780000000000000249e+00 0.000000000000000000e+00
2.783333333333333659e+00 0.000000000000000000e+00
2.786666666666666625e+00 0.000000000000000000e+00
2.790000000000000036e+00 0.000000000000000000e+00
2.793333333333333446e+00 0.000000000000000000e+00
2.796666666666666856e+00 0.000000000000000000e+00
2.800000000000000266e+00 0.000000000000000000e+00
2.803333333333333677e+00 0.000000000000000000e+00
2.806666666666666643e+00 0.000000000000000000e+00
2.810000000000000053e+00 0.000000000000000000e+00
2.813333333333333464e+00 0.000000000000000000e+00
2.816666666666666874e+00 0.000000000000000000e+00
2.820000000000000284e+00 0.000000000000000000e+00
2.823333333333333695e+00 0.000000000000000000e+00
2.826666666666666661e+00 0.000000000000000000e+00
2.830000000000000071e+00 0.000000000000000000e+00
2.833333333333333481e+00 0.000000000000000000e+00
2.836666666666666892e+00 0.000000000000000000e+00
2.840000000000000302e+00 0.000000000000000000e+00
2.843333333333333712e+00 0.000000000000000000e+00
2.846666666666666679e+00 0.000000000000000000e+00
2.850000000000000089e+00 0.000000000000000000e+00
2.853333333333333499e+00 0.000000000000000000e+00
2.856666666666666909e+00 0.000000000000000000e+00
2.860000000000000320e+00 0.000000000000000000e+00
2.863333333333333730e+00 0.000000000000000000e+00
2.866666666666666696e+00 0.000000000000000000e+00
2.870000000000000107e+00 0.000000000000000000e+00
2.873333333333333517e+00 0.000000000000000000e+00
2.876666666666666927e+00 0.000000000000000000e+00
2.880000000000000338e+00 0.000000000000000000e+00
2.883333333333333304e+00 0.000000000000000000e+00
2.886666666666666714e+00 0.000000000000000000e+00
2.890000000000000124e+00 0.000000000000000000e+00
2.893333333333333535e+00 0.000000000000000000e+00
2.896666666666666945e+00 0.000000000000000000e+00
2.900000000000000355e+00 0.000000000000000000e+00
2.903333333333333321e+00 0.000000000000000000e+00
2.906666666666666732e+00 0.000000000000000000e+00
2.910000000000000142e+00 0.000000000000000000e+00
2.913333333333333552e+00 0.000000000000000000e+00
2.916666666666666963e+00 0.000000000000000000e+00
2.920000000000000373e+00 0.000000000000000000e+00
2.923333333333333339e+00 0.000000000000000000e+00
2.926666666666666750e+00 0.000000000000000000e+00
2.930000000000000160e+00 0.000000000000000000e+00
2.933333333333333570e+00 0.000000000000000000e+00
2.936666666666666980e+00 0.000000000000000000e+00
2.940000000000000391e+00 0.000000000000000000e+00
2.943333333333333357e+00 0.000000000000000000e+00
2.946666666666666767e+00 0.000000000000000000e+00
2.950000000000000178e+00 0.000000000000000000e+00
2.953333333333333588e+00 0.000000000000000000e+00
2.956666666666666998e+00 0.000000000000000000e+00
2.960000000000000409e+00 0.000000000000000000e+00
2.963333333333333375e+00 0.000000000000000000e+00
2.966666666666666785e+00 0.000000000000000000e+00
2.970000000000000195e+00 0.000000000000000000e+00
2.973333333333333606e+00 0.000000000000000000e+00
2.976666666666667016e+00 0.000000000000000000e+00
2.979999999999999982e+00 0.000000000000000000e+00
2.983333333333333393e+00 0.000000000000000000e+00
2.986666666666666803e+00 0.000000000000000000e+00
2.990000000000000213e+00 0.000000000000000000e+00
2.993333333333333623e+00 0.000000000000000000e+00
2.996666666666667034e+00 0.000000000000000000e+00
3.000000000000000000e+00 0.000000000000000000e+00
3.003333333333333410e+00 0.000000000000000000e+00
3.006666666666666821e+00 0.000000000000000000e+00
3.010000000000000231e+00 0.000000000000000000e+00
3.013333333333333641e+00 0.000000000000000000e+00
3.016666666666667052e+00 0.000000000000000000e+00
3.020000000000000018e+00 0.000000000000000000e+00
3.023333333333333428e+00 0.000000000000000000e+00
3.026666666666666838e+00 0.000000000000000000e+00
3.030000000000000249e+00 0.000000000000000000e+00
3.033333333333333659e+00 0.000000000000000000e+00
3.036666666666667069e+00 0.000000000000000000e+00
3.040000000000000036e+00 0.000000000000000000e+00
3.043333333333333446e+00 0.000000000000000000e+00
3.046666666666666856e+00 0.000000000000000000e+00
3.050000000000000266e+00 0.000000000000000000e+00
3.053333333333333677e+00 0.000000000000000000e+00
3.056666666666666643e+00 0.000000000000000000e+00
3.060000000000000053e+00 0.000000000000000000e+00
3.063333333333333464e+00 0.000000000000000000e+00
3.066666666666666874e+00 0.000000000000000000e+00
3.070000000000000284e+00 0.000000000000000000e+00
3.073333333333333695e+00 0.000000000000000000e+00
3.076666666666666661e+00 0.000000000000000000e+00
3.080000000000000071e+00 0.000000000000000000e+00
3.083333333333333481e+00 0.000000000000000000e+00
3.086666666666666892e+00 0.000000000000000000e+00
3.090000000000000302e+00 0.000000000000000000e+00
3.093333333333333712e+00 0.000000000000000000e+00
3.096666666666666679e+00 0.000000000000000000e+00
3.100000000000000089e+00 0.000000000000000000e+00
3.103333333333333499e+00 0.000000000000000000e+00
3.106666666666666909e+00 0.000000000000000000e+00
3.110000000000000320e+00 0.000000000000000000e+00
3.113333333333333730e+00 0.000000000000000000e+00
3.116666666666666696e+00 0.000000000000000000e+00
3.120000000000000107e+00 0.000000000000000000e+00
3.123333333333333517e+00 0.000000000000000000e+00
3.126666666666666927e+00 0.000000000000000000e+00
3.130000000000000338e+00 0.000000000000000000e+00
3.133333333333333748e+00 0.000000000000000000e+00
3.136666666666666714e+00 0.000000000000000000e+00
3.140000000000000124e+00 0.000000000000000000e+00
3.143333333333333535e+00 0.000000000000000000e+00
3.146666666666666945e+00 0.000000000000000000e+00
3.150000000000000355e+00 0.000000000000000000e+00
3.153333333333333321e+00 0.000000000000000000e+00
3.156666666666666732e+00 0.000000000000000000e+00
3.160000000000000142e+00 0.000000000000000000e+00
3.163333333333333552e+00 0.000000000000000000e+00
3.166666666666666963e+00 0.000000000000000000e+00
3.170000000000000373e+00 0.000000000000000000e+00
3.173333333333333339e+00 0.000000000000000000e+00
3.176666666666666750e+00 0.000000000000000000e+00
3.180000000000000160e+00 0.000000000000000000e+00
3.183333333333333570e+00 0.000000000000000000e+00
3.186666666666666980e+00 0.000000000000000000e+00
3.190000000000000391e+00 0.000000000000000000e+00
3.193333333333333357e+00 0.000000000000000000e+00
3.196666666666666767e+00 0.000000000000000000e+00
3.200000000000000178e+00 0.000000000000000000e+00
3.203333333333333588e+00 0.000000000000000000e+00
3.206666666666666998e+00 0.000000000000000000e+00
3.210000000000000409e+00 0.000000000000000000e+00
3.213333333333333375e+00 0.000000000000000000e+00
3.216666666666666785e+00 0.000000000000000000e+00
3.220000000000000195e+00 0.000000000000000000e+00
3.223333333333333606e+00 0.000000000000000000e+00
3.226666666666667016e+00 0.000000000000000000e+00
3.230000000000000426e+00 0.000000000000000000e+00
3.233333333333333393e+00 0.000000000000000000e+00
3.236666666666666803e+00 0.000000000000000000e+00
3.240000000000000213e+00 0.000000000000000000e+00
3.243333333333333623e+00 0.000000000000000000e+00
3.246666666666667034e+00 0.000000000000000000e+00
3.250000000000000000e+00 0.000000000000000000e+00
3.253333333333333410e+00 0.000000000000000000e+00
3.256666666666666821e+00 0.000000000000000000e+00
3.260000000000000231e+00 0.000000000000000000e+00
3.263333333333333641e+00 0.000000000000000000e+00
3.266666666666667052e+00 0.000000000000000000e+00
3.270000000000000018e+00 0.000000000000000000e+00
3.273333333333333428e+00 0.000000000000000000e+00
3.276666666666666838e+00 0.000000000000000000e+00
3.280000000000000249e+00 0.000000000000000000e+00
3.283333333333333659e+00 0.000000000000000000e+00
3.286666666666667069e+00 0.000000000000000000e+00
3.290000000000000036e+00 0.000000000000000000e+00
3.293333333333333446e+00 0.000000000000000000e+00
3.296666666666666856e+00 0.000000000000000000e+00
3.300000000000000266e+00 0.000000000000000000e+00
3.303333333333333677e+00 0.000000000000000000e+00
3.306666666666667087e+00 0.000000000000000000e+00
3.310000000000000053e+00 0.000000000000000000e+00
3.313333333333333464e+00 0.000000000000000000e+00
3.316666666666666874e+00 0.000000000000000000e+00
3.320000000000000284e+00 0.000000000000000000e+00
3.323333333333333695e+00 0.000000000000000000e+00
3.326666666666666661e+00 0.000000000000000000e+00
3.330000000000000071e+00 0.000000000000000000e+00
3.333333333333333481e+00 0.000000000000000000e+00
3.336666666666666892e+00 0.000000000000000000e+00
3.340000000000000302e+00 0.000000000000000000e+00
3.343333333333333712e+00 0.000000000000000000e+00
3.346666666666666679e+00 0.000000000000000000e+00
3.350000000000000089e+00 0.000000000000000000e+00
3.353333333333333499e+00 0.000000000000000000e+00
3.356666666666666909e+00 0.000000000000000000e+00
3.360000000000000320e+00 0.000000000000000000e+00
3.363333333333333730e+00 0.000000000000000000e+00
3.366666666666666696e+00 0.000000000000000000e+00
3.370000000000000107e+00 0.000000000000000000e+00
3.373333333333333517e+00 0.000000000000000000e+00
3.376666666666666927e+00 0.000000000000000000e+00
3.380000000000000338e+00 0.000000000000000000e+00
3.383333333333333748e+00 0.000000000000000000e+00
3.386666666666666714e+00 0.000000000000000000e+00
3.390000000000000124e+00 0.000000000000000000e+00
3.393333333333333535e+00 0.000000000000000000e+00
3.396666666666666945e+00 0.000000000000000000e+00
3.400000000000000355e+00 0.000000000000000000e+00
3.403333333333333766e+00 0.000000000000000000e+00
3.406666666666666732e+00 0.000000000000000000e+00
3.410000000000000142e+00 0.000000000000000000e+00
3.413333333333333552e+00 0.000000000000000000e+00
3.416666666666666963e+00 0.000000000000000000e+00
3.420000000000000373e+00 0.000000000000000000e+00
3.423333333333333339e+00 0.000000000000000000e+00
3.426666666666666750e+00 0.000000000000000000e+00
3.430000000000000160e+00 0.000000000000000000e+00
3.433333333333333570e+00 0.000000000000000000e+00
3.436666666666666980e+00 0.000000000000000000e+00
3.440000000000000391e+00 0.000000000000000000e+00
3.443333333333333357e+00 0.000000000000000000e+00
3.446666666666666767e+00 0.000000000000000000e+00
3.450000000000000178e+00 0.000000000000000000e+00
3.453333333333333588e+00 0.000000000000000000e+00
3.456666666666666998e+00 0.000000000000000000e+00
3.460000000000000409e+00 0.000000000000000000e+00
3.463333333333333375e+00 0.000000000000000000e+00
3.466666666666666785e+00 0.000000000000000000e+00
3.470000000000000195e+00 0.000000000000000000e+00
3.473333333333333606e+00 0.000000000000000000e+00
3.476666666666667016e+00 0.000000000000000000e+00
3.480000000000000426e+00 0.000000000000000000e+00
3.483333333333333393e+00 0.000000000000000000e+00
3.486666666666666803e+00 0.000000000000000000e+00
3.490000000000000213e+00 0.000000000000000000e+00
3.493333333333333623e+00 0.000000000000000000e+00
3.496666666666667034e+00 0.000000000000000000e+00
3.500000000000000444e+00 0.000000000000000000e+00
3.503333333333333410e+00 0.000000000000000000e+00
3.506666666666666821e+00 0.000000000000000000e+00
3.510000000000000231e+00 0.000000000000000000e+00
3.513333333333333641e+00 0.000000000000000000e+00
3.516666666666667052e+00 0.000000000000000000e+00
3.520000000000000018e+00 0.000000000000000000e+00
3.523333333333333428e+00 0.000000000000000000e+00
3.526666666666666838e+00 0.000000000000000000e+00
3.530000000000000249e+00 0.000000000000000000e+00
3.533333333333333659e+00 0.000000000000000000e+00
3.536666666666667069e+00 0.000000000000000000e+00
3.540000000000000036e+00 0.000000000000000000e+00
3.543333333333333446e+00 0.000000000000000000e+00
3.546666666666666856e+00 0.000000000000000000e+00
3.550000000000000266e+00 0.000000000000000000e+00
3.553333333333333677e+00 0.000000000000000000e+00
3.556666666666667087e+00 0.000000000000000000e+00
3.560000000000000053e+00 0.000000000000000000e+00
3.563333333333333464e+00 0.000000000000000000e+00
3.566666666666666874e+00 0.000000000000000000e+00
3.570000000000000284e+00 0.000000000000000000e+00
3.573333333333333695e+00 0.000000000000000000e+00
3.576666666666667105e+00 0.000000000000000000e+00
3.580000000000000071e+00 0.000000000000000000e+00
3.583333333333333481e+00 0.000000000000000000e+00
3.586666666666666892e+00 0.000000000000000000e+00
3.590000000000000302e+00 0.000000000000000000e+00
3.593333333333333712e+00 0.000000000000000000e+00
3.596666666666666679e+00 0.000000000000000000e+00
3.600000000000000089e+00 0.000000000000000000e+00
3.603333333333333499e+00 0.000000000000000000e+00
3.606666666666666909e+00 0.000000000000000000e+00
3.610000000000000320e+00 0.000000000000000000e+00
3.613333333333333730e+00 0.000000000000000000e+00
3.616666666666666696e+00 0.000000000000000000e+00
3.620000000000000107e+00 0.000000000000000000e+00
3.623333333333333517e+00 0.000000000000000000e+00
3.626666666666666927e+00 0.000000000000000000e+00
3.630000000000000338e+00 0.000000000000000000e+00
3.633333333333333748e+00 0.000000000000000000e+00
3.636666666666666714e+00 0.000000000000000000e+00
3.640000000000000124e+00 0.000000000000000000e+00
3.643333333333333535e+00 0.000000000000000000e+00
3.646666666666666945e+00 0.000000000000000000e+00
3.650000000000000355e+00 0.000000000000000000e+00
3.653333333333333766e+00 0.000000000000000000e+00
3.656666666666666732e+00 0.000000000000000000e+00
3.660000000000000142e+00 0.000000000000000000e+00
3.663333333333333552e+00 0.000000000000000000e+00
3.666666666666666963e+00 0.000000000000000000e+00
3.670000000000000373e+00 0.000000000000000000e+00
3.673333333333333783e+00 0.000000000000000000e+00
3.676666666666666750e+00 0.000000000000000000e+00
3.680000000000000160e+00 0.000000000000000000e+00
3.683333333333333570e+00 0.000000000000000000e+00
3.686666666666666980e+00 0.000000000000000000e+00
3.690000000000000391e+00 0.000000000000000000e+00
3.693333333333333357e+00 0.000000000000000000e+00
3.696666666666666767e+00 0.000000000000000000e+00
3.700000000000000178e+00 0.000000000000000000e+00
3.703333333333333588e+00 0.000000000000000000e+00
3.706666666666666998e+00 0.000000000000000000e+00
3.710000000000000409e+00 0.000000000000000000e+00
3.713333333333333375e+00 0.000000000000000000e+00
3.716666666666666785e+00 0.000000000000000000e+00
3.720000000000000195e+00 0.000000000000000000e+00
3.723333333333333606e+00 0.000000000000000000e+00
3.726666666666667016e+00 0.000000000000000000e+00
3.730000000000000426e+00 0.000000000000000000e+00
3.733333333333333393e+00 0.000000000000000000e+00
3.736666666666666803e+00 0.000000000000000000e+00
3.740000000000000213e+00 0.000000000000000000e+00
3.743333333333333623e+00 0.000000000000000000e+00
3.746666666666667034e+00 0.000000000000000000e+00
3.750000000000000444e+00 0.000000000000000000e+00
3.753333333333333410e+00 0.000000000000000000e+00
3.756666666666666821e+00 0.000000000000000000e+00
3.760000000000000231e+00 0.000000000000000000e+00
3.763333333333333641e+00 0.000000000000000000e+00
3.766666666666667052e+00 0.000000000000000000e+00
3.770000000000000462e+00 0.000000000000000000e+00
3.773333333333333428e+00 0.000000000000000000e+00
3.776666666666666838e+00 0.000000000000000000e+00
3.780000000000000249e+00 0.000000000000000000e+00
3.783333333333333659e+00 0.000000000000000000e+00
3.786666666666667069e+00 0.000000000000000000e+00
3.790000000000000036e+00 0.000000000000000000e+00
3.793333333333333446e+00 0.000000000000000000e+00
3.796666666666666856e+00 0.000000000000000000e+00
3.800000000000000266e+00 0.000000000000000000e+00
3.803333333333333677e+00 0.000000000000000000e+00
3.806666666666667087e+00 0.000000000000000000e+00
3.810000000000000053e+00 0.000000000000000000e+00
3.813333333333333464e+00 0.000000000000000000e+00
3.816666666666666874e+00 0.000000000000000000e+00
3.820000000000000284e+00 0.000000000000000000e+00
3.823333333333333695e+00 0.000000000000000000e+00
3.826666666666667105e+00 0.000000000000000000e+00
3.830000000000000071e+00 0.000000000000000000e+00
3.833333333333333481e+00 0.000000000000000000e+00
3.836666666666666892e+00 0.000000000000000000e+00
3.840000000000000302e+00 0.000000000000000000e+00
3.843333333333333712e+00 0.000000000000000000e+00
3.846666666666667123e+00 0.000000000000000000e+00
3.850000000000000089e+00 0.000000000000000000e+00
3.853333333333333499e+00 0.000000000000000000e+00
3.856666666666666909e+00 0.000000000000000000e+00
3.860000000000000320e+00 0.000000000000000000e+00
3.863333333333333730e+00 0.000000000000000000e+00
3.866666666666666696e+00 0.000000000000000000e+00
3.870000000000000107e+00 0.000000000000000000e+00
3.873333333333333517e+00 0.000000000000000000e+00
3.876666666666666927e+00 0.000000000000000000e+00
3.880000000000000338e+00 0.000000000000000000e+00
3.883333333333333748e+00 0.000000000000000000e+00
3.886666666666666714e+00 0.000000000000000000e+00
3.890000000000000124e+00 0.000000000000000000e+00
3.893333333333333535e+00 0.000000000000000000e+00
3.896666666666666945e+00 0.000000000000000000e+00
3.900000000000000355e+00 0.000000000000000000e+00
3.903333333333333766e+00 0.000000000000000000e+00
3.906666666666666732e+00 0.000000000000000000e+00
3.910000000000000142e+00 0.000000000000000000e+00
3.913333333333333552e+00 0.000000000000000000e+00
3.916666666666666963e+00 0.000000000000000000e+00
3.920000000000000373e+00 0.000000000000000000e+00
3.923333333333333783e+00 0.000000000000000000e+00
3.926666666666666750e+00 0.000000000000000000e+00
3.930000000000000160e+00 0.000000000000000000e+00
3.933333333333333570e+00 0.000000000000000000e+00
3.936666666666666980e+00 0.000000000000000000e+00
3.940000000000000391e+00 0.000000000000000000e+00
3.943333333333333801e+00 0.000000000000000000e+00
3.946666666666666767e+00 0.000000000000000000e+00
3.950000000000000178e+00 0.000000000000000000e+00
3.953333333333333588e+00 0.000000000000000000e+00
3.956666666666666998e+00 0.000000000000000000e+00
3.960000000000000409e+00 0.000000000000000000e+00
3.963333333333333375e+00 0.000000000000000000e+00
3.966666666666666785e+00 0.000000000000000000e+00
3.970000000000000195e+00 0.000000000000000000e+00
3.973333333333333606e+00 0.000000000000000000e+00
3.976666666666667016e+00 0.000000000000000000e+00
3.980000000000000426e+00 0.000000000000000000e+00
3.983333333333333393e+00 0.000000000000000000e+00
3.986666666666666803e+00 0.000000000000000000e+00
3.990000000000000213e+00 0.000000000000000000e+00
3.993333333333333623e+00 0.000000000000000000e+00
3.996666666666667034e+00 0.000000000000000000e+00
4.000000000000000000e+00 0.000000000000000000e+00
4.003333333333333854e+00 0.000000000000000000e+00
4.006666666666666821e+00 0.000000000000000000e+00
4.010000000000000675e+00 0.000000000000000000e+00
4.013333333333333641e+00 0.000000000000000000e+00
4.016666666666666607e+00 0.000000000000000000e+00
4.020000000000000462e+00 0.000000000000000000e+00
4.023333333333333428e+00 0.000000000000000000e+00
4.026666666666667282e+00 0.000000000000000000e+00
4.030000000000000249e+00 0.000000000000000000e+00
4.033333333333333215e+00 0.000000000000000000e+00
4.036666666666667069e+00 0.000000000000000000e+00
4.040000000000000036e+00 0.000000000000000000e+00
4.043333333333333890e+00 0.000000000000000000e+00
4.046666666666666856e+00 0.000000000000000000e+00
4.049999999999999822e+00 0.000000000000000000e+00
4.053333333333333677e+00 0.000000000000000000e+00
4.056666666666666643e+00 0.000000000000000000e+00
4.060000000000000497e+00 0.000000000000000000e+00
4.063333333333333464e+00 0.000000000000000000e+00
4.066666666666667318e+00 0.000000000000000000e+00
4.070000000000000284e+00 0.000000000000000000e+00
4.073333333333333250e+00 0.000000000000000000e+00
4.076666666666667105e+00 0.000000000000000000e+00
4.080000000000000071e+00 0.000000000000000000e+00
4.083333333333333925e+00 0.000000000000000000e+00
4.086666666666666892e+00 0.000000000000000000e+00
4.089999999999999858e+00 0.000000000000000000e+00
4.093333333333333712e+00 0.000000000000000000e+00
4.096666666666666679e+00 0.000000000000000000e+00
4.100000000000000533e+00 0.000000000000000000e+00
4.103333333333333499e+00 0.000000000000000000e+00
4.106666666666667354e+00 0.000000000000000000e+00
4.110000000000000320e+00 0.000000000000000000e+00
4.113333333333333286e+00 0.000000000000000000e+00
4.116666666666667140e+00 0.000000000000000000e+00
4.120000000000000107e+00 0.000000000000000000e+00
4.123333333333333961e+00 0.000000000000000000e+00
4.126666666666666927e+00 0.000000000000000000e+00
4.129999999999999893e+00 0.000000000000000000e+00
4.133333333333333748e+00 0.000000000000000000e+00
4.136666666666666714e+00 0.000000000000000000e+00
4.140000000000000568e+00 0.000000000000000000e+00
4.143333333333333535e+00 0.000000000000000000e+00
4.146666666666666501e+00 0.000000000000000000e+00
4.150000000000000355e+00 0.000000000000000000e+00
4.153333333333333321e+00 0.000000000000000000e+00
4.156666666666667176e+00 0.000000000000000000e+00
4.160000000000000142e+00 0.000000000000000000e+00
4.163333333333333997e+00 0.000000000000000000e+00
4.166666666666666963e+00 0.000000000000000000e+00
4.169999999999999929e+00 0.000000000000000000e+00
4.173333333333333783e+00 0.000000000000000000e+00
4.176666666666666750e+00 0.000000000000000000e+00
4.180000000000000604e+00 0.000000000000000000e+00
4.183333333333333570e+00 0.000000000000000000e+00
4.186666666666666536e+00 0.000000000000000000e+00
4.190000000000000391e+00 0.000000000000000000e+00
4.193333333333333357e+00 0.000000000000000000e+00
4.196666666666667211e+00 0.000000000000000000e+00
4.200000000000000178e+00 0.000000000000000000e+00
4.203333333333334032e+00 0.000000000000000000e+00
4.206666666666666998e+00 0.000000000000000000e+00
4.209999999999999964e+00 0.000000000000000000e+00
4.213333333333333819e+00 0.000000000000000000e+00
4.216666666666666785e+00 0.000000000000000000e+00
4.220000000000000639e+00 0.000000000000000000e+00
4.223333333333333606e+00 0.000000000000000000e+00
4.226666666666666572e+00 0.000000000000000000e+00
4.230000000000000426e+00 0.000000000000000000e+00
4.233333333333333393e+00 0.000000000000000000e+00
4.236666666666667247e+00 0.000000000000000000e+00
4.240000000000000213e+00 0.000000000000000000e+00
4.243333333333333179e+00 0.000000000000000000e+00
4.246666666666667034e+00 0.000000000000000000e+00
4.250000000000000000e+00 0.000000000000000000e+00
4.253333333333333854e+00 0.000000000000000000e+00
4.256666666666666821e+00 0.000000000000000000e+00
4.260000000000000675e+00 0.000000000000000000e+00
4.263333333333333641e+00 0.000000000000000000e+00
4.266666666666666607e+00 0.000000000000000000e+00
4.270000000000000462e+00 0.000000000000000000e+00
4.273333333333333428e+00 0.000000000000000000e+00
4.276666666666667282e+00 0.000000000000000000e+00
4.280000000000000249e+00 0.000000000000000000e+00
4.283333333333333215e+00 0.000000000000000000e+00
4.286666666666667069e+00 0.000000000000000000e+00
4.290000000000000036e+00 0.000000000000000000e+00
4.293333333333333890e+00 0.000000000000000000e+00
4.296666666666666856e+00 0.000000000000000000e+00
4.300000000000000711e+00 0.000000000000000000e+00
4.303333333333333677e+00 0.000000000000000000e+00
4.306666666666666643e+00 0.000000000000000000e+00
4.310000000000000497e+00 0.000000000000000000e+00
4.313333333333333464e+00 0.000000000000000000e+00
4.316666666666667318e+00 0.000000000000000000e+00
4.320000000000000284e+00 0.000000000000000000e+00
4.323333333333333250e+00 0.000000000000000000e+00
4.326666666666667105e+00 0.000000000000000000e+00
4.330000000000000071e+00 0.000000000000000000e+00
4.333333333333333925e+00 0.000000000000000000e+00
4.336666666666666892e+00 0.000000000000000000e+00
4.339999999999999858e+00 0.000000000000000000e+00
4.343333333333333712e+00 0.000000000000000000e+00
4.346666666666666679e+00 0.000000000000000000e+00
4.350000000000000533e+00 0.000000000000000000e+00
4.353333333333333499e+00 0.000000000000000000e+00
4.356666666666667354e+00 0.000000000000000000e+00
4.360000000000000320e+00 0.000000000000000000e+00
4.363333333333333286e+00 0.000000000000000000e+00
4.366666666666667140e+00 0.000000000000000000e+00
4.370000000000000107e+00 0.000000000000000000e+00
4.373333333333333961e+00 0.000000000000000000e+00
4.376666666666666927e+00 0.000000000000000000e+00
4.379999999999999893e+00 0.000000000000000000e+00
4.383333333333333748e+00 0.000000000000000000e+00
4.386666666666666714e+00 0.000000000000000000e+00
4.390000000000000568e+00 0.000000000000000000e+00
4.393333333333333535e+00 0.000000000000000000e+00
4.396666666666667389e+00 0.000000000000000000e+00
4.400000000000000355e+00 0.000000000000000000e+00
4.403333333333333321e+00 0.000000000000000000e+00
4.406666666666667176e+00 0.000000000000000000e+00
4.410000000000000142e+00 0.000000000000000000e+00
4.413333333333333997e+00 0.000000000000000000e+00
4.416666666666666963e+00 0.000000000000000000e+00
4.419999999999999929e+00 0.000000000000000000e+00
4.423333333333333783e+00 0.000000000000000000e+00
4.426666666666666750e+00 0.000000000000000000e+00
4.430000000000000604e+00 0.000000000000000000e+00
4.433333333333333570e+00 0.000000000000000000e+00
4.436666666666666536e+00 0.000000000000000000e+00
4.440000000000000391e+00 0.000000000000000000e+00
4.443333333333333357e+00 0.000000000000000000e+00
4.446666666666667211e+00 0.000000000000000000e+00
4.450000000000000178e+00 0.000000000000000000e+00
4.453333333333334032e+00 0.000000000000000000e+00
4.456666666666666998e+00 0.000000000000000000e+00
4.459999999999999964e+00 0.000000000000000000e+00
4.463333333333333819e+00 0.000000000000000000e+00
4.466666666666666785e+00 0.000000000000000000e+00
4.470000000000000639e+00 0.000000000000000000e+00
4.473333333333333606e+00 0.000000000000000000e+00
4.476666666666666572e+00 0.000000000000000000e+00
4.480000000000000426e+00 0.000000000000000000e+00
4.483333333333333393e+00 0.000000000000000000e+00
4.486666666666667247e+00 0.000000000000000000e+00
4.490000000000000213e+00 0.000000000000000000e+00
4.493333333333333179e+00 0.000000000000000000e+00
4.496666666666667034e+00 0.000000000000000000e+00
4.500000000000000000e+00 0.000000000000000000e+00
4.503333333333333854e+00 0.000000000000000000e+00
4.506666666666666821e+00 0.000000000000000000e+00
4.510000000000000675e+00 0.000000000000000000e+00
4.513333333333333641e+00 0.000000000000000000e+00
4.516666666666666607e+00 0.000000000000000000e+00
4.520000000000000462e+00 0.000000000000000000e+00
4.523333333333333428e+00 0.000000000000000000e+00
4.526666666666667282e+00 0.000000000000000000e+00
4.530000000000000249e+00 0.000000000000000000e+00
4.533333333333333215e+00 0.000000000000000000e+00
4.536666666666667069e+00 0.000000000000000000e+00
4.540000000000000036e+00 0.000000000000000000e+00
4.543333333333333890e+00 0.000000000000000000e+00
4.546666666666666856e+00 0.000000000000000000e+00
4.550000000000000711e+00 0.000000000000000000e+00
4.553333333333333677e+00 0.000000000000000000e+00
4.556666666666666643e+00 0.000000000000000000e+00
4.560000000000000497e+00 0.000000000000000000e+00
4.563333333333333464e+00 0.000000000000000000e+00
4.566666666666667318e+00 0.000000000000000000e+00
4.570000000000000284e+00 0.000000000000000000e+00
4.573333333333333250e+00 0.000000000000000000e+00
4.576666666666667105e+00 0.000000000000000000e+00
4.580000000000000071e+00 0.000000000000000000e+00
4.583333333333333925e+00 0.000000000000000000e+00
4.586666666666666892e+00 0.000000000000000000e+00
4.589999999999999858e+00 0.000000000000000000e+00
4.593333333333333712e+00 0.000000000000000000e+00
4.596666666666666679e+00 0.000000000000000000e+00
4.600000000000000533e+00 0.000000000000000000e+00
4.603333333333333499e+00 0.000000000000000000e+00
4.606666666666667354e+00 0.000000000000000000e+00
4.610000000000000320e+00 0.000000000000000000e+00
4.613333333333333286e+00 0.000000000000000000e+00
4.616666666666667140e+00 0.000000000000000000e+00
4.620000000000000107e+00 0.000000000000000000e+00
4.623333333333333961e+00 0.000000000000000000e+00
4.626666666666666927e+00 0.000000000000000000e+00
4.629999999999999893e+00 0.000000000000000000e+00
4.633333333333333748e+00 0.000000000000000000e+00
4.636666666666666714e+00 0.000000000000000000e+00
4.640000000000000568e+00 0.000000000000000000e+00
4.643333333333333535e+00 0.000000000000000000e+00
4.646666666666667389e+00 0.000000000000000000e+00
4.650000000000000355e+00 0.000000000000000000e+00
4.653333333333333321e+00 0.000000000000000000e+00
4.656666666666667176e+00 0.000000000000000000e+00
4.660000000000000142e+00 0.000000000000000000e+00
4.663333333333333997e+00 0.000000000000000000e+00
4.666666666666666963e+00 0.000000000000000000e+00
4.669999999999999929e+00 0.000000000000000000e+00
4.673333333333333783e+00 0.000000000000000000e+00
4.676666666666666750e+00 0.000000000000000000e+00
4.680000000000000604e+00 0.000000000000000000e+00
4.683333333333333570e+00 0.000000000000000000e+00
4.686666666666666536e+00 0.000000000000000000e+00
4.690000000000000391e+00 0.000000000000000000e+00
4.693333333333333357e+00 0.000000000000000000e+00
4.696666666666667211e+00 0.000000000000000000e+00
4.700000000000000178e+00 0.000000000000000000e+00
4.703333333333334032e+00 0.000000000000000000e+00
4.706666666666666998e+00 0.000000000000000000e+00
4.709999999999999964e+00 0.000000000000000000e+00
4.713333333333333819e+00 0.000000000000000000e+00
4.716666666666666785e+00 0.000000000000000000e+00
4.720000000000000639e+00 0.000000000000000000e+00
4.723333333333333606e+00 0.000000000000000000e+00
4.726666666666666572e+00 0.000000000000000000e+00
4.730000000000000426e+00 0.000000000000000000e+00
4.733333333333333393e+00 0.000000000000000000e+00
4.736666666666667247e+00 0.000000000000000000e+00
4.740000000000000213e+00 0.000000000000000000e+00
4.743333333333334068e+00 0.000000000000000000e+00
4.746666666666667034e+00 0.000000000000000000e+00
4.750000000000000000e+00 0.000000000000000000e+00
4.753333333333333854e+00 0.000000000000000000e+00
4.756666666666666821e+00 0.000000000000000000e+00
4.760000000000000675e+00 0.000000000000000000e+00
4.763333333333333641e+00 0.000000000000000000e+00
4.766666666666666607e+00 0.000000000000000000e+00
4.770000000000000462e+00 0.000000000000000000e+00
4.773333333333333428e+00 0.000000000000000000e+00
4.776666666666667282e+00 0.000000000000000000e+00
4.780000000000000249e+00 0.000000000000000000e+00
4.783333333333333215e+00 0.000000000000000000e+00
4.786666666666667069e+00 0.000000000000000000e+00
4.790000000000000036e+00 0.000000000000000000e+00
4.793333333333333890e+00 0.000000000000000000e+00
4.796666666666666856e+00 0.000000000000000000e+00
4.800000000000000711e+00 0.000000000000000000e+00
4.803333333333333677e+00 0.000000000000000000e+00
4.806666666666666643e+00 0.000000000000000000e+00
4.810000000000000497e+00 0.000000000000000000e+00
4.813333333333333464e+00 0.000000000000000000e+00
4.816666666666667318e+00 0.000000000000000000e+00
4.820000000000000284e+00 0.000000000000000000e+00
4.823333333333333250e+00 0.000000000000000000e+00
4.826666666666667105e+00 0.000000000000000000e+00
4.830000000000000071e+00 0.000000000000000000e+00
4.833333333333333925e+00 0.000000000000000000e+00
4.836666666666666892e+00 0.000000000000000000e+00
4.840000000000000746e+00 0.000000000000000000e+00
4.843333333333333712e+00 0.000000000000000000e+00
4.846666666666666679e+00 0.000000000000000000e+00
4.850000000000000533e+00 0.000000000000000000e+00
4.853333333333333499e+00 0.000000000000000000e+00
4.856666666666667354e+00 0.000000000000000000e+00
4.860000000000000320e+00 0.000000000000000000e+00
4.863333333333333286e+00 0.000000000000000000e+00
4.866666666666667140e+00 0.000000000000000000e+00
4.870000000000000107e+00 0.000000000000000000e+00
4.873333333333333961e+00 0.000000000000000000e+00
4.876666666666666927e+00 0.000000000000000000e+00
4.879999999999999893e+00 0.000000000000000000e+00
4.883333333333333748e+00 0.000000000000000000e+00
4.886666666666666714e+00 0.000000000000000000e+00
4.890000000000000568e+00 0.000000000000000000e+00
4.893333333333333535e+00 0.000000000000000000e+00
4.896666666666667389e+00 0.000000000000000000e+00
4.900000000000000355e+00 0.000000000000000000e+00
4.903333333333333321e+00 0.000000000000000000e+00
4.906666666666667176e+00 0.000000000000000000e+00
4.910000000000000142e+00 0.000000000000000000e+00
4.913333333333333997e+00 0.000000000000000000e+00
4.916666666666666963e+00 0.000000000000000000e+00
4.919999999999999929e+00 0.000000000000000000e+00
4.923333333333333783e+00 0.000000000000000000e+00
4.926666666666666750e+00 0.000000000000000000e+00
4.930000000000000604e+00 0.000000000000000000e+00
4.933333333333333570e+00 0.000000000000000000e+00
4.936666666666667425e+00 0.000000000000000000e+00
4.940000000000000391e+00 0.000000000000000000e+00
4.943333333333333357e+00 0.000000000000000000e+00
4.946666666666667211e+00 0.000000000000000000e+00
4.950000000000000178e+00 0.000000000000000000e+00
4.953333333333334032e+00 0.000000000000000000e+00
4.956666666666666998e+00 0.000000000000000000e+00
4.959999999999999964e+00 0.000000000000000000e+00
4.963333333333333819e+00 0.000000000000000000e+00
4.966666666666666785e+00 0.000000000000000000e+00
4.970000000000000639e+00 0.000000000000000000e+00
4.973333333333333606e+00 0.000000000000000000e+00
4.976666666666666572e+00 0.000000000000000000e+00
4.980000000000000426e+00 0.000000000000000000e+00
4.983333333333333393e+00 0.000000000000000000e+00
4.986666666666667247e+00 0.000000000000000000e+00
4.990000000000000213e+00 0.000000000000000000e+00
4.993333333333334068e+00 0.000000000000000000e+00
4.996666666666667034e+00 0.000000000000000000e+00
5.000000000000000000e+00 0.000000000000000000e+00
