0.000000000000000000e+00 0.000000000000000000e+00
3.333333333333333547e-03 0.000000000000000000e+00
6.666666666666667095e-03 0.000000000000000000e+00
1.000000000000000021e-02 0.000000000000000000e+00
1.333333333333333419e-02 0.000000000000000000e+00
1.666666666666666644e-02 0.000000000000000000e+00
2.000000000000000042e-02 0.000000000000000000e+00
2.333333333333333440e-02 0.000000000000000000e+00
2.666666666666666838e-02 0.000000000000000000e+00
3.000000000000000236e-02 0.000000000000000000e+00
3.333333333333333287e-02 0.000000000000000000e+00
3.666666666666666685e-02 0.000000000000000000e+00
4.000000000000000083e-02 0.000000000000000000e+00
4.333333333333333481e-02 0.000000000000000000e+00
4.666666666666666879e-02 4.985362631295776516e-06
5.000000000000000278e-02 1.205349550872919975e-05
5.333333333333333676e-02 2.196151315172083487e-05
5.666666666666667074e-02 3.571250680165158884e-05
6.000000000000000472e-02 5.462445536723140748e-05
6.333333333333333870e-02 8.041462683237878798e-05
6.666666666666666574e-02 1.153017266867947224e-04
7.000000000000000666e-02 1.621279976883217161e-04
7.333333333333333370e-02 2.245032780477812528e-04
7.666666666666667462e-02 3.069726447786143720e-04
8.000000000000000167e-02 4.152086675506418524e-04
8.333333333333334259e-02 5.562284414294243464e-04
8.666666666666666963e-02 7.386344272499908688e-04
9.000000000000001055e-02 9.728766909200468839e-04
9.333333333333333759e-02 1.271532399491424881e-03
9.666666666666667851e-02 1.649596426188510183e-03
1.000000000000000056e-01 2.124774689124854250e-03
1.033333333333333465e-01 2.717769479711622076e-03
1.066666666666666735e-01 3.452543639380082924e-03
1.100000000000000006e-01 4.356548161540306323e-03
1.133333333333333415e-01 5.460895802507652677e-03
1.166666666666666685e-01 6.800461775239944988e-03
1.200000000000000094e-01 8.413891779860384335e-03
1.233333333333333365e-01 1.034349770029418213e-02
1.266666666666666774e-01 1.263502245422134032e-02
1.300000000000000044e-01 1.533725787491183046e-02
1.333333333333333315e-01 1.850150322378980167e-02
1.366666666666666863e-01 2.218085700330712021e-02
1.400000000000000133e-01 2.642934109291599637e-02
1.433333333333333404e-01 3.130086369819102404e-02
1.466666666666666674e-01 3.684803591120006799e-02
1.500000000000000222e-01 4.312086545464247078e-02
1.533333333333333492e-01 5.016535996023190058e-02
1.566666666666666763e-01 5.802208038410505697e-02
1.600000000000000033e-01 6.672469232385754012e-02
1.633333333333333304e-01 7.629856851050706434e-02
1.666666666666666852e-01 8.675949908626741369e-02
1.700000000000000122e-01 9.811256701595927332e-02
1.733333333333333393e-01 1.103512438165530213e-01
1.766666666666666663e-01 1.234567555910857095e-01
1.800000000000000211e-01 1.373977611753248174e-01
1.833333333333333481e-01 1.521303733050786977e-01
1.866666666666666752e-01 1.675985405440637566e-01
1.900000000000000022e-01 1.837347929100155708e-01
1.933333333333333570e-01 2.004613384763181405e-01
1.966666666666666841e-01 2.176914825777219453e-01
2.000000000000000111e-01 2.353313265166833979e-01
2.033333333333333381e-01 2.532816897275216861e-01
2.066666666666666929e-01 2.714401889920814437e-01
2.100000000000000200e-01 2.897034011449002300e-01
2.133333333333333470e-01 3.079690321912507134e-01
2.166666666666666741e-01 3.261380160898568747e-01
2.200000000000000011e-01 3.441164705796716516e-01
2.233333333333333559e-01 3.618174450716178936e-01
2.266666666666666829e-01 3.791624062783313653e-01
2.300000000000000100e-01 3.960824202360542778e-01
2.333333333333333370e-01 4.125190038755313648e-01
2.366666666666666918e-01 4.284246344505609483e-01
2.400000000000000189e-01 4.437629200595389900e-01
2.433333333333333459e-01 4.584989206416443808e-01
2.466666666666666730e-01 4.726234559121459955e-01
2.500000000000000000e-01 4.861301001751879847e-01
2.533333333333333548e-01 4.990209133176332634e-01
2.566666666666667096e-01 5.113052552715218191e-01
2.600000000000000089e-01 5.229984685277040413e-01
2.633333333333333637e-01 5.341204758891808790e-01
2.666666666666666630e-01 5.446943373927626286e-01
2.700000000000000178e-01 5.547448054660808481e-01
2.733333333333333726e-01 5.642969114922812279e-01
2.766666666666666718e-01 5.733746106185222402e-01
2.800000000000000266e-01 5.819995054374073051e-01
2.833333333333333259e-01 5.901896636025860676e-01
2.866666666666666807e-01 5.979585399266353907e-01
2.900000000000000355e-01 6.053140103469213384e-01
2.933333333333333348e-01 6.122575234928216981e-01
2.966666666666666896e-01 6.187833754604297187e-01
3.000000000000000444e-01 6.248781146702571121e-01
3.033333333333333437e-01 6.305200860870735502e-01
3.066666666666666985e-01 6.356791272396588033e-01
3.099999999999999978e-01 6.403164319200552734e-01
3.133333333333333526e-01 6.443846006329219112e-01
3.166666666666667074e-01 6.478278992450700047e-01
3.200000000000000067e-01 6.505827483054069660e-01
3.233333333333333615e-01 6.525784646728229887e-01
3.266666666666666607e-01 6.537382740071698839e-01
3.300000000000000155e-01 6.539806070858336096e-01
3.333333333333333703e-01 6.532206847161767804e-01
3.366666666666666696e-01 6.513723853312295420e-01
3.400000000000000244e-01 6.483503765052409662e-01
3.433333333333333792e-01 6.440724771456438624e-01
3.466666666666666785e-01 6.384622017487475709e-01
3.500000000000000333e-01 6.314514227580363404e-01
3.533333333333333326e-01 6.229830727675353952e-01
3.566666666666666874e-01 6.130137961565863547e-01
3.600000000000000422e-01 6.015164507958029594e-01
3.633333333333333415e-01 5.884788133466993809e-01
3.666666666666666963e-01 5.739170666936005416e-01
3.700000000000000511e-01 5.578643918765451293e-01
3.733333333333333504e-01 5.403767172517838224e-01
3.766666666666667052e-01 5.215329769359546841e-01
3.800000000000000044e-01 5.014347117528091813e-01
3.833333333333333592e-01 4.802049891626729572e-01
3.866666666666667140e-01 4.579866472578255077e-01
3.900000000000000133e-01 4.349398976983211984e-01
3.933333333333333681e-01 4.112393517636231954e-01
3.966666666666666674e-01 3.870705607863763054e-01
4.000000000000000222e-01 3.626261854786129724e-01
4.033333333333333770e-01 3.381019266235714693e-01
4.066666666666666763e-01 3.136923611652001620e-01
4.100000000000000311e-01 2.895868321563841441e-01
4.133333333333333859e-01 2.659655380529357682e-01
4.166666666666666852e-01 2.429959566640522428e-01
4.200000000000000400e-01 2.208297223494121997e-01
4.233333333333333393e-01 1.996000528523675099e-01
4.266666666666666941e-01 1.794197958654237535e-01
4.300000000000000488e-01 1.603801366441132414e-01
4.333333333333333481e-01 1.425499784230764011e-01
4.366666666666667029e-01 1.259759787245856855e-01
4.400000000000000022e-01 1.106831984265447683e-01
4.433333333333333570e-01 9.667629797732343877e-02
4.466666666666667118e-01 8.394119739768052257e-02
4.500000000000000111e-01 7.244710432327940153e-02
4.533333333333333659e-01 6.214880756483541491e-02
4.566666666666667207e-01 5.298913238179887852e-02
4.600000000000000200e-01 4.490145743904654790e-02
4.633333333333333748e-01 3.781220153802576645e-02
4.666666666666666741e-01 3.164319978617340795e-02
4.700000000000000289e-01 2.631390288213524345e-02
4.733333333333333837e-01 2.174334860925007662e-02
4.766666666666666829e-01 1.785187044796415420e-02
4.800000000000000377e-01 1.456252354465880326e-02
4.833333333333333370e-01 1.180222236432533316e-02
4.866666666666666918e-01 9.502596640164572700e-03
4.900000000000000466e-01 7.600582337038785594e-03
4.933333333333333459e-01 6.038772076690044482e-03
4.966666666666667007e-01 4.765554809670725402e-03
5.000000000000000000e-01 3.735077584866576452e-03
5.033333333333334103e-01 2.907063297078561499e-03
5.066666666666667096e-01 2.246517598422784374e-03
5.100000000000000089e-01 1.723356095683938960e-03
5.133333333333334192e-01 1.311979891035918236e-03
5.166666666666667185e-01 9.908238120265220293e-04
5.200000000000000178e-01 7.418976392110899175e-04
5.233333333333333171e-01 5.503365499503554484e-04
5.266666666666667274e-01 4.039730735719403317e-04
5.300000000000000266e-01 2.929392583540802982e-04
5.333333333333333259e-01 2.093045920076808879e-04
5.366666666666667362e-01 1.467525527840877575e-04
5.400000000000000355e-01 1.002965148458144897e-04
5.433333333333333348e-01 6.603407320145039271e-05
5.466666666666667451e-01 4.093765057394458106e-05
5.500000000000000444e-01 2.267844579297985754e-05
5.533333333333333437e-01 9.480317246934406706e-06
5.566666666666667540e-01 0.000000000000000000e+00
5.600000000000000533e-01 0.000000000000000000e+00
5.633333333333333526e-01 0.000000000000000000e+00
5.666666666666666519e-01 0.000000000000000000e+00
5.700000000000000622e-01 0.000000000000000000e+00
5.733333333333333615e-01 0.000000000000000000e+00
5.766666666666666607e-01 0.000000000000000000e+00
5.800000000000000711e-01 0.000000000000000000e+00
5.833333333333333703e-01 0.000000000000000000e+00
5.866666666666666696e-01 0.000000000000000000e+00
5.900000000000000799e-01 0.000000000000000000e+00
5.933333333333333792e-01 0.000000000000000000e+00
5.966666666666666785e-01 0.000000000000000000e+00
6.000000000000000888e-01 0.000000000000000000e+00
6.033333333333333881e-01 0.000000000000000000e+00
6.066666666666666874e-01 0.000000000000000000e+00
6.099999999999999867e-01 0.000000000000000000e+00
6.133333333333333970e-01 0.000000000000000000e+00
6.166666666666666963e-01 0.000000000000000000e+00
6.199999999999999956e-01 0.000000000000000000e+00
6.233333333333334059e-01 0.000000000000000000e+00
6.266666666666667052e-01 0.000000000000000000e+00
6.300000000000000044e-01 0.000000000000000000e+00
6.333333333333334147e-01 0.000000000000000000e+00
6.366666666666667140e-01 0.000000000000000000e+00
6.400000000000000133e-01 0.000000000000000000e+00
6.433333333333334236e-01 0.000000000000000000e+00
6.466666666666667229e-01 0.000000000000000000e+00
6.500000000000000222e-01 0.000000000000000000e+00
6.533333333333333215e-01 0.000000000000000000e+00
6.566666666666667318e-01 0.000000000000000000e+00
6.600000000000000311e-01 0.000000000000000000e+00
6.633333333333333304e-01 0.000000000000000000e+00
6.666666666666667407e-01 0.000000000000000000e+00
6.700000000000000400e-01 0.000000000000000000e+00
6.733333333333333393e-01 0.000000000000000000e+00
6.766666666666667496e-01 0.000000000000000000e+00
6.800000000000000488e-01 0.000000000000000000e+00
6.833333333333333481e-01 0.000000000000000000e+00
6.866666666666667584e-01 0.000000000000000000e+00
6.900000000000000577e-01 0.000000000000000000e+00
6.933333333333333570e-01 0.000000000000000000e+00
6.966666666666666563e-01 0.000000000000000000e+00
7.000000000000000666e-01 0.000000000000000000e+00
7.033333333333333659e-01 0.000000000000000000e+00
7.066666666666666652e-01 0.000000000000000000e+00
7.100000000000000755e-01 0.000000000000000000e+00
7.133333333333333748e-01 0.000000000000000000e+00
7.166666666666666741e-01 0.000000000000000000e+00
7.200000000000000844e-01 0.000000000000000000e+00
7.233333333333333837e-01 0.000000000000000000e+00
7.266666666666666829e-01 0.000000000000000000e+00
7.300000000000000933e-01 0.000000000000000000e+00
7.333333333333333925e-01 0.000000000000000000e+00
7.366666666666666918e-01 0.000000000000000000e+00
7.400000000000001021e-01 0.000000000000000000e+00
7.433333333333334014e-01 0.000000000000000000e+00
7.466666666666667007e-01 0.000000000000000000e+00
7.500000000000000000e-01 0.000000000000000000e+00
7.533333333333334103e-01 0.000000000000000000e+00
7.566666666666667096e-01 0.000000000000000000e+00
7.600000000000000089e-01 0.000000000000000000e+00
7.633333333333334192e-01 0.000000000000000000e+00
7.666666666666667185e-01 0.000000000000000000e+00
7.700000000000000178e-01 0.000000000000000000e+00
7.733333333333334281e-01 0.000000000000000000e+00
7.766666666666667274e-01 0.000000000000000000e+00
7.800000000000000266e-01 0.000000000000000000e+00
7.833333333333334370e-01 0.000000000000000000e+00
7.866666666666667362e-01 0.000000000000000000e+00
7.900000000000000355e-01 0.000000000000000000e+00
7.933333333333333348e-01 0.000000000000000000e+00
7.966666666666667451e-01 0.000000000000000000e+00
8.000000000000000444e-01 0.000000000000000000e+00
8.033333333333333437e-01 0.000000000000000000e+00
8.066666666666667540e-01 0.000000000000000000e+00
8.100000000000000533e-01 0.000000000000000000e+00
8.133333333333333526e-01 0.000000000000000000e+00
8.166666666666667629e-01 0.000000000000000000e+00
8.200000000000000622e-01 0.000000000000000000e+00
8.233333333333333615e-01 0.000000000000000000e+00
8.266666666666667718e-01 0.000000000000000000e+00
8.300000000000000711e-01 0.000000000000000000e+00
8.333333333333333703e-01 0.000000000000000000e+00
8.366666666666666696e-01 0.000000000000000000e+00
8.400000000000000799e-01 0.000000000000000000e+00
8.433333333333333792e-01 0.000000000000000000e+00
8.466666666666666785e-01 0.000000000000000000e+00
8.500000000000000888e-01 0.000000000000000000e+00
8.533333333333333881e-01 0.000000000000000000e+00
8.566666666666666874e-01 0.000000000000000000e+00
8.600000000000000977e-01 0.000000000000000000e+00
8.633333333333333970e-01 0.000000000000000000e+00
8.666666666666666963e-01 0.000000000000000000e+00
8.700000000000001066e-01 0.000000000000000000e+00
8.733333333333334059e-01 0.000000000000000000e+00
8.766666666666667052e-01 0.000000000000000000e+00
8.800000000000000044e-01 0.000000000000000000e+00
8.833333333333334147e-01 0.000000000000000000e+00
8.866666666666667140e-01 0.000000000000000000e+00
8.900000000000000133e-01 0.000000000000000000e+00
8.933333333333334236e-01 0.000000000000000000e+00
8.966666666666667229e-01 0.000000000000000000e+00
9.000000000000000222e-01 0.000000000000000000e+00
9.033333333333334325e-01 0.000000000000000000e+00
9.066666666666667318e-01 0.000000000000000000e+00
9.100000000000000311e-01 0.000000000000000000e+00
9.133333333333334414e-01 0.000000000000000000e+00
9.166666666666667407e-01 0.000000000000000000e+00
9.200000000000000400e-01 0.000000000000000000e+00
9.233333333333333393e-01 0.000000000000000000e+00
9.266666666666667496e-01 0.000000000000000000e+00
9.300000000000000488e-01 0.000000000000000000e+00
9.333333333333333481e-01 0.000000000000000000e+00
9.366666666666667584e-01 0.000000000000000000e+00
9.400000000000000577e-01 0.000000000000000000e+00
9.433333333333333570e-01 0.000000000000000000e+00
9.466666666666667673e-01 0.000000000000000000e+00
9.500000000000000666e-01 0.000000000000000000e+00
9.533333333333333659e-01 0.000000000000000000e+00
9.566666666666667762e-01 0.000000000000000000e+00
9.600000000000000755e-01 0.000000000000000000e+00
9.633333333333333748e-01 0.000000000000000000e+00
9.666666666666666741e-01 0.000000000000000000e+00
9.700000000000000844e-01 0.000000000000000000e+00
9.733333333333333837e-01 0.000000000000000000e+00
9.766666666666666829e-01 0.000000000000000000e+00
9.800000000000000933e-01 0.000000000000000000e+00
9.833333333333333925e-01 0.000000000000000000e+00
9.866666666666666918e-01 0.000000000000000000e+00
9.900000000000001021e-01 0.000000000000000000e+00
9.933333333333334014e-01 0.000000000000000000e+00
9.966666666666667007e-01 0.000000000000000000e+00
1.000000000000000000e+00 0.000000000000000000e+00
1.003333333333333410e+00 0.000000000000000000e+00
1.006666666666666821e+00 0.000000000000000000e+00
1.010000000000000009e+00 0.000000000000000000e+00
1.013333333333333419e+00 0.000000000000000000e+00
1.016666666666666829e+00 0.000000000000000000e+00
1.020000000000000018e+00 0.000000000000000000e+00
1.023333333333333428e+00 0.000000000000000000e+00
1.026666666666666838e+00 0.000000000000000000e+00
1.030000000000000027e+00 0.000000000000000000e+00
1.033333333333333437e+00 0.000000000000000000e+00
1.036666666666666625e+00 0.000000000000000000e+00
1.040000000000000036e+00 0.000000000000000000e+00
1.043333333333333446e+00 0.000000000000000000e+00
1.046666666666666634e+00 0.000000000000000000e+00
1.050000000000000044e+00 0.000000000000000000e+00
1.053333333333333455e+00 0.000000000000000000e+00
1.056666666666666643e+00 0.000000000000000000e+00
1.060000000000000053e+00 0.000000000000000000e+00
1.063333333333333464e+00 0.000000000000000000e+00
1.066666666666666652e+00 0.000000000000000000e+00
1.070000000000000062e+00 0.000000000000000000e+00
1.073333333333333472e+00 0.000000000000000000e+00
1.076666666666666661e+00 0.000000000000000000e+00
1.080000000000000071e+00 0.000000000000000000e+00
1.083333333333333481e+00 0.000000000000000000e+00
1.086666666666666670e+00 0.000000000000000000e+00
1.090000000000000080e+00 0.000000000000000000e+00
1.093333333333333490e+00 0.000000000000000000e+00
1.096666666666666679e+00 0.000000000000000000e+00
1.100000000000000089e+00 0.000000000000000000e+00
1.103333333333333499e+00 0.000000000000000000e+00
1.106666666666666687e+00 0.000000000000000000e+00
1.110000000000000098e+00 0.000000000000000000e+00
1.113333333333333508e+00 0.000000000000000000e+00
1.116666666666666696e+00 0.000000000000000000e+00
1.120000000000000107e+00 0.000000000000000000e+00
1.123333333333333295e+00 0.000000000000000000e+00
1.126666666666666705e+00 0.000000000000000000e+00
1.130000000000000115e+00 0.000000000000000000e+00
1.133333333333333304e+00 0.000000000000000000e+00
1.136666666666666714e+00 0.000000000000000000e+00
1.140000000000000124e+00 0.000000000000000000e+00
1.143333333333333313e+00 0.000000000000000000e+00
1.146666666666666723e+00 0.000000000000000000e+00
1.150000000000000133e+00 0.000000000000000000e+00
1.153333333333333321e+00 0.000000000000000000e+00
1.156666666666666732e+00 0.000000000000000000e+00
1.160000000000000142e+00 0.000000000000000000e+00
1.163333333333333330e+00 0.000000000000000000e+00
1.166666666666666741e+00 0.000000000000000000e+00
1.170000000000000151e+00 0.000000000000000000e+00
1.173333333333333339e+00 0.000000000000000000e+00
1.176666666666666750e+00 0.000000000000000000e+00
1.180000000000000160e+00 0.000000000000000000e+00
1.183333333333333348e+00 0.000000000000000000e+00
1.186666666666666758e+00 0.000000000000000000e+00
1.190000000000000169e+00 0.000000000000000000e+00
1.193333333333333357e+00 0.000000000000000000e+00
1.196666666666666767e+00 0.000000000000000000e+00
1.200000000000000178e+00 0.000000000000000000e+00
1.203333333333333366e+00 0.000000000000000000e+00
1.206666666666666776e+00 0.000000000000000000e+00
1.210000000000000187e+00 0.000000000000000000e+00
1.213333333333333375e+00 0.000000000000000000e+00
1.216666666666666785e+00 0.000000000000000000e+00
1.219999999999999973e+00 0.000000000000000000e+00
1.223333333333333384e+00 0.000000000000000000e+00
1.226666666666666794e+00 0.000000000000000000e+00
1.229999999999999982e+00 0.000000000000000000e+00
1.233333333333333393e+00 0.000000000000000000e+00
1.236666666666666803e+00 0.000000000000000000e+00
1.239999999999999991e+00 0.000000000000000000e+00
1.243333333333333401e+00 0.000000000000000000e+00
1.246666666666666812e+00 0.000000000000000000e+00
1.250000000000000000e+00 0.000000000000000000e+00
1.253333333333333410e+00 0.000000000000000000e+00
1.256666666666666821e+00 0.000000000000000000e+00
1.260000000000000009e+00 0.000000000000000000e+00
1.263333333333333419e+00 0.000000000000000000e+00
1.266666666666666829e+00 0.000000000000000000e+00
1.270000000000000018e+00 0.000000000000000000e+00
1.273333333333333428e+00 0.000000000000000000e+00
1.276666666666666838e+00 0.000000000000000000e+00
1.280000000000000027e+00 0.000000000000000000e+00
1.283333333333333437e+00 0.000000000000000000e+00
1.286666666666666847e+00 0.000000000000000000e+00
1.290000000000000036e+00 0.000000000000000000e+00
1.293333333333333446e+00 0.000000000000000000e+00
1.296666666666666856e+00 0.000000000000000000e+00
1.300000000000000044e+00 0.000000000000000000e+00
1.303333333333333455e+00 0.000000000000000000e+00
1.306666666666666643e+00 0.000000000000000000e+00
1.310000000000000053e+00 0.000000000000000000e+00
1.313333333333333464e+00 0.000000000000000000e+00
1.316666666666666652e+00 0.000000000000000000e+00
1.320000000000000062e+00 0.000000000000000000e+00
1.323333333333333472e+00 0.000000000000000000e+00
1.326666666666666661e+00 0.000000000000000000e+00
1.330000000000000071e+00 0.000000000000000000e+00
1.333333333333333481e+00 0.000000000000000000e+00
1.336666666666666670e+00 0.000000000000000000e+00
1.340000000000000080e+00 0.000000000000000000e+00
1.343333333333333490e+00 0.000000000000000000e+00
1.346666666666666679e+00 0.000000000000000000e+00
1.350000000000000089e+00 0.000000000000000000e+00
1.353333333333333499e+00 0.000000000000000000e+00
1.356666666666666687e+00 0.000000000000000000e+00
1.360000000000000098e+00 0.000000000000000000e+00
1.363333333333333508e+00 0.000000000000000000e+00
1.366666666666666696e+00 0.000000000000000000e+00
1.370000000000000107e+00 0.000000000000000000e+00
1.373333333333333517e+00 0.000000000000000000e+00
1.376666666666666705e+00 0.000000000000000000e+00
1.380000000000000115e+00 0.000000000000000000e+00
1.383333333333333526e+00 0.000000000000000000e+00
1.386666666666666714e+00 0.000000000000000000e+00
1.390000000000000124e+00 0.000000000000000000e+00
1.393333333333333313e+00 0.000000000000000000e+00
1.396666666666666723e+00 0.000000000000000000e+00
1.400000000000000133e+00 0.000000000000000000e+00
1.403333333333333321e+00 0.000000000000000000e+00
1.406666666666666732e+00 0.000000000000000000e+00
1.410000000000000142e+00 0.000000000000000000e+00
1.413333333333333330e+00 0.000000000000000000e+00
1.416666666666666741e+00 0.000000000000000000e+00
1.420000000000000151e+00 0.000000000000000000e+00
1.423333333333333339e+00 0.000000000000000000e+00
1.426666666666666750e+00 0.000000000000000000e+00
1.430000000000000160e+00 0.000000000000000000e+00
1.433333333333333348e+00 0.000000000000000000e+00
1.436666666666666758e+00 0.000000000000000000e+00
1.440000000000000169e+00 0.000000000000000000e+00
1.443333333333333357e+00 0.000000000000000000e+00
1.446666666666666767e+00 0.000000000000000000e+00
1.450000000000000178e+00 0.000000000000000000e+00
1.453333333333333366e+00 0.000000000000000000e+00
1.456666666666666776e+00 0.000000000000000000e+00
1.460000000000000187e+00 0.000000000000000000e+00
1.463333333333333375e+00 0.000000000000000000e+00
1.466666666666666785e+00 0.000000000000000000e+00
1.470000000000000195e+00 0.000000000000000000e+00
1.473333333333333384e+00 0.000000000000000000e+00
1.476666666666666794e+00 0.000000000000000000e+00
1.480000000000000204e+00 0.000000000000000000e+00
1.483333333333333393e+00 0.000000000000000000e+00
1.486666666666666803e+00 0.000000000000000000e+00
1.489999999999999991e+00 0.000000000000000000e+00
1.493333333333333401e+00 0.000000000000000000e+00
1.496666666666666812e+00 0.000000000000000000e+00
1.500000000000000000e+00 0.000000000000000000e+00
1.503333333333333410e+00 0.000000000000000000e+00
1.506666666666666821e+00 0.000000000000000000e+00
1.510000000000000009e+00 0.000000000000000000e+00
1.513333333333333419e+00 0.000000000000000000e+00
1.516666666666666829e+00 0.000000000000000000e+00
1.520000000000000018e+00 0.000000000000000000e+00
1.523333333333333428e+00 0.000000000000000000e+00
1.526666666666666838e+00 0.000000000000000000e+00
1.530000000000000027e+00 0.000000000000000000e+00
1.533333333333333437e+00 0.000000000000000000e+00
1.536666666666666847e+00 0.000000000000000000e+00
1.540000000000000036e+00 0.000000000000000000e+00
1.543333333333333446e+00 0.000000000000000000e+00
1.546666666666666856e+00 0.000000000000000000e+00
1.550000000000000044e+00 0.000000000000000000e+00
1.553333333333333455e+00 0.000000000000000000e+00
1.556666666666666865e+00 0.000000000000000000e+00
1.560000000000000053e+00 0.000000000000000000e+00
1.563333333333333464e+00 0.000000000000000000e+00
1.566666666666666874e+00 0.000000000000000000e+00
1.570000000000000062e+00 0.000000000000000000e+00
1.573333333333333472e+00 0.000000000000000000e+00
1.576666666666666661e+00 0.000000000000000000e+00
1.580000000000000071e+00 0.000000000000000000e+00
1.583333333333333481e+00 0.000000000000000000e+00
1.586666666666666670e+00 0.000000000000000000e+00
1.590000000000000080e+00 0.000000000000000000e+00
1.593333333333333490e+00 0.000000000000000000e+00
1.596666666666666679e+00 0.000000000000000000e+00
1.600000000000000089e+00 0.000000000000000000e+00
1.603333333333333499e+00 0.000000000000000000e+00
1.606666666666666687e+00 0.000000000000000000e+00
1.610000000000000098e+00 0.000000000000000000e+00
1.613333333333333508e+00 0.000000000000000000e+00
1.616666666666666696e+00 0.000000000000000000e+00
1.620000000000000107e+00 0.000000000000000000e+00
1.623333333333333517e+00 0.000000000000000000e+00
1.626666666666666705e+00 0.000000000000000000e+00
1.630000000000000115e+00 0.000000000000000000e+00
1.633333333333333526e+00 0.000000000000000000e+00
1.636666666666666714e+00 0.000000000000000000e+00
1.640000000000000124e+00 0.000000000000000000e+00
1.643333333333333535e+00 0.000000000000000000e+00
1.646666666666666723e+00 0.000000000000000000e+00
1.650000000000000133e+00 0.000000000000000000e+00
1.653333333333333544e+00 0.000000000000000000e+00
1.656666666666666732e+00 0.000000000000000000e+00
1.660000000000000142e+00 0.000000000000000000e+00
1.663333333333333330e+00 0.000000000000000000e+00
1.666666666666666741e+00 0.000000000000000000e+00
1.670000000000000151e+00 0.000000000000000000e+00
1.673333333333333339e+00 0.000000000000000000e+00
1.676666666666666750e+00 0.000000000000000000e+00
1.680000000000000160e+00 0.000000000000000000e+00
1.683333333333333348e+00 0.000000000000000000e+00
1.686666666666666758e+00 0.000000000000000000e+00
1.690000000000000169e+00 0.000000000000000000e+00
1.693333333333333357e+00 0.000000000000000000e+00
1.696666666666666767e+00 0.000000000000000000e+00
1.700000000000000178e+00 0.000000000000000000e+00
1.703333333333333366e+00 0.000000000000000000e+00
1.706666666666666776e+00 0.000000000000000000e+00
1.710000000000000187e+00 0.000000000000000000e+00
1.713333333333333375e+00 0.000000000000000000e+00
1.716666666666666785e+00 0.000000000000000000e+00
1.720000000000000195e+00 0.000000000000000000e+00
1.723333333333333384e+00 0.000000000000000000e+00
1.726666666666666794e+00 0.000000000000000000e+00
1.730000000000000204e+00 0.000000000000000000e+00
1.733333333333333393e+00 0.000000000000000000e+00
1.736666666666666803e+00 0.000000000000000000e+00
1.740000000000000213e+00 0.000000000000000000e+00
1.743333333333333401e+00 0.000000000000000000e+00
1.746666666666666812e+00 0.000000000000000000e+00
1.750000000000000222e+00 0.000000000000000000e+00
1.753333333333333410e+00 0.000000000000000000e+00
1.756666666666666821e+00 0.000000000000000000e+00
1.760000000000000009e+00 0.000000000000000000e+00
1.763333333333333419e+00 0.000000000000000000e+00
1.766666666666666829e+00 0.000000000000000000e+00
1.770000000000000018e+00 0.000000000000000000e+00
1.773333333333333428e+00 0.000000000000000000e+00
1.776666666666666838e+00 0.000000000000000000e+00
1.780000000000000027e+00 0.000000000000000000e+00
1.783333333333333437e+00 0.000000000000000000e+00
1.786666666666666847e+00 0.000000000000000000e+00
1.790000000000000036e+00 0.000000000000000000e+00
1.793333333333333446e+00 0.000000000000000000e+00
1.796666666666666856e+00 0.000000000000000000e+00
1.800000000000000044e+00 0.000000000000000000e+00
1.803333333333333455e+00 0.000000000000000000e+00
1.806666666666666865e+00 0.000000000000000000e+00
1.810000000000000053e+00 0.000000000000000000e+00
1.813333333333333464e+00 0.000000000000000000e+00
1.816666666666666874e+00 0.000000000000000000e+00
1.820000000000000062e+00 0.000000000000000000e+00
1.823333333333333472e+00 0.000000000000000000e+00
1.826666666666666883e+00 0.000000000000000000e+00
1.830000000000000071e+00 0.000000000000000000e+00
1.833333333333333481e+00 0.000000000000000000e+00
1.836666666666666892e+00 0.000000000000000000e+00
1.840000000000000080e+00 0.000000000000000000e+00
1.843333333333333490e+00 0.000000000000000000e+00
1.846666666666666679e+00 0.000000000000000000e+00
1.850000000000000089e+00 0.000000000000000000e+00
1.853333333333333499e+00 0.000000000000000000e+00
1.856666666666666687e+00 0.000000000000000000e+00
1.860000000000000098e+00 0.000000000000000000e+00
1.863333333333333508e+00 0.000000000000000000e+00
1.866666666666666696e+00 0.000000000000000000e+00
1.870000000000000107e+00 0.000000000000000000e+00
1.873333333333333517e+00 0.000000000000000000e+00
1.876666666666666705e+00 0.000000000000000000e+00
1.880000000000000115e+00 0.000000000000000000e+00
1.883333333333333526e+00 0.000000000000000000e+00
1.886666666666666714e+00 0.000000000000000000e+00
1.890000000000000124e+00 0.000000000000000000e+00
1.893333333333333535e+00 0.000000000000000000e+00
1.896666666666666723e+00 0.000000000000000000e+00
1.900000000000000133e+00 0.000000000000000000e+00
1.903333333333333544e+00 0.000000000000000000e+00
1.906666666666666732e+00 0.000000000000000000e+00
1.910000000000000142e+00 0.000000000000000000e+00
1.913333333333333552e+00 0.000000000000000000e+00
1.916666666666666741e+00 0.000000000000000000e+00
1.920000000000000151e+00 0.000000000000000000e+00
1.923333333333333561e+00 0.000000000000000000e+00
1.926666666666666750e+00 0.000000000000000000e+00
1.930000000000000160e+00 0.000000000000000000e+00
1.933333333333333348e+00 0.000000000000000000e+00
1.936666666666666758e+00 0.000000000000000000e+00
1.940000000000000169e+00 0.000000000000000000e+00
1.943333333333333357e+00 0.000000000000000000e+00
1.946666666666666767e+00 0.000000000000000000e+00
1.950000000000000178e+00 0.000000000000000000e+00
1.953333333333333366e+00 0.000000000000000000e+00
1.956666666666666776e+00 0.000000000000000000e+00
1.960000000000000187e+00 0.000000000000000000e+00
1.963333333333333375e+00 0.000000000000000000e+00
1.966666666666666785e+00 0.000000000000000000e+00
1.970000000000000195e+00 0.000000000000000000e+00
1.973333333333333384e+00 0.000000000000000000e+00
1.976666666666666794e+00 0.000000000000000000e+00
1.980000000000000204e+00 0.000000000000000000e+00
1.983333333333333393e+00 0.000000000000000000e+00
1.986666666666666803e+00 0.000000000000000000e+00
1.990000000000000213e+00 0.000000000000000000e+00
1.993333333333333401e+00 0.000000000000000000e+00
1.996666666666666812e+00 0.000000000000000000e+00
2.000000000000000000e+00 0.000000000000000000e+00
2.003333333333333410e+00 0.000000000000000000e+00
2.006666666666666821e+00 0.000000000000000000e+00
2.010000000000000231e+00 0.000000000000000000e+00
2.013333333333333641e+00 0.000000000000000000e+00
2.016666666666666607e+00 0.000000000000000000e+00
2.020000000000000018e+00 0.000000000000000000e+00
2.023333333333333428e+00 0.000000000000000000e+00
2.026666666666666838e+00 0.000000000000000000e+00
2.030000000000000249e+00 0.000000000000000000e+00
2.033333333333333659e+00 0.000000000000000000e+00
2.036666666666666625e+00 0.000000000000000000e+00
2.040000000000000036e+00 0.000000000000000000e+00
2.043333333333333446e+00 0.000000000000000000e+00
2.046666666666666856e+00 0.000000000000000000e+00
2.050000000000000266e+00 0.000000000000000000e+00
2.053333333333333677e+00 0.000000000000000000e+00
2.056666666666666643e+00 0.000000000000000000e+00
2.060000000000000053e+00 0.000000000000000000e+00
2.063333333333333464e+00 0.000000000000000000e+00
2.066666666666666874e+00 0.000000000000000000e+00
2.070000000000000284e+00 0.000000000000000000e+00
2.073333333333333250e+00 0.000000000000000000e+00
2.076666666666666661e+00 0.000000000000000000e+00
2.080000000000000071e+00 0.000000000000000000e+00
2.083333333333333481e+00 0.000000000000000000e+00
2.086666666666666892e+00 0.000000000000000000e+00
2.090000000000000302e+00 0.000000000000000000e+00
2.093333333333333268e+00 0.000000000000000000e+00
2.096666666666666679e+00 0.000000000000000000e+00
2.100000000000000089e+00 0.000000000000000000e+00
2.103333333333333499e+00 0.000000000000000000e+00
2.106666666666666909e+00 0.000000000000000000e+00
2.110000000000000320e+00 0.000000000000000000e+00
2.113333333333333286e+00 0.000000000000000000e+00
2.116666666666666696e+00 0.000000000000000000e+00
2.120000000000000107e+00 0.000000000000000000e+00
2.123333333333333517e+00 0.000000000000000000e+00
2.126666666666666927e+00 0.000000000000000000e+00
2.130000000000000338e+00 0.000000000000000000e+00
2.133333333333333304e+00 0.000000000000000000e+00
2.136666666666666714e+00 0.000000000000000000e+00
2.140000000000000124e+00 0.000000000000000000e+00
2.143333333333333535e+00 0.000000000000000000e+00
2.146666666666666945e+00 0.000000000000000000e+00
2.150000000000000355e+00 0.000000000000000000e+00
2.153333333333333321e+00 0.000000000000000000e+00
2.156666666666666732e+00 0.000000000000000000e+00
2.160000000000000142e+00 0.000000000000000000e+00
2.163333333333333552e+00 0.000000000000000000e+00
2.166666666666666963e+00 0.000000000000000000e+00
2.169999999999999929e+00 0.000000000000000000e+00
2.173333333333333339e+00 0.000000000000000000e+00
2.176666666666666750e+00 0.000000000000000000e+00
2.180000000000000160e+00 0.000000000000000000e+00
2.183333333333333570e+00 0.000000000000000000e+00
2.186666666666666980e+00 0.000000000000000000e+00
2.189999999999999947e+00 0.000000000000000000e+00
2.193333333333333357e+00 0.000000000000000000e+00
2.196666666666666767e+00 0.000000000000000000e+00
2.200000000000000178e+00 0.000000000000000000e+00
2.203333333333333588e+00 0.000000000000000000e+00
2.206666666666666998e+00 0.000000000000000000e+00
2.209999999999999964e+00 0.000000000000000000e+00
2.213333333333333375e+00 0.000000000000000000e+00
2.216666666666666785e+00 0.000000000000000000e+00
2.220000000000000195e+00 0.000000000000000000e+00
2.223333333333333606e+00 0.000000000000000000e+00
2.226666666666667016e+00 0.000000000000000000e+00
2.229999999999999982e+00 0.000000000000000000e+00
2.233333333333333393e+00 0.000000000000000000e+00
2.236666666666666803e+00 0.000000000000000000e+00
2.240000000000000213e+00 0.000000000000000000e+00
2.243333333333333623e+00 0.000000000000000000e+00
2.246666666666666590e+00 0.000000000000000000e+00
2.250000000000000000e+00 0.000000000000000000e+00
2.253333333333333410e+00 0.000000000000000000e+00
2.256666666666666821e+00 0.000000000000000000e+00
2.260000000000000231e+00 0.000000000000000000e+00
2.263333333333333641e+00 0.000000000000000000e+00
2.266666666666666607e+00 0.000000000000000000e+00
2.270000000000000018e+00 0.000000000000000000e+00
2.273333333333333428e+00 0.000000000000000000e+00
2.276666666666666838e+00 0.000000000000000000e+00
2.280000000000000249e+00 0.000000000000000000e+00
2.283333333333333659e+00 0.000000000000000000e+00
2.286666666666666625e+00 0.000000000000000000e+00
2.290000000000000036e+00 0.000000000000000000e+00
2.293333333333333446e+00 0.000000000000000000e+00
2.296666666666666856e+00 0.000000000000000000e+00
2.300000000000000266e+00 0.000000000000000000e+00
2.303333333333333677e+00 0.000000000000000000e+00
2.306666666666666643e+00 0.000000000000000000e+00
2.310000000000000053e+00 0.000000000000000000e+00
2.313333333333333464e+00 0.000000000000000000e+00
2.316666666666666874e+00 0.000000000000000000e+00
2.320000000000000284e+00 0.000000000000000000e+00
2.323333333333333695e+00 0.000000000000000000e+00
2.326666666666666661e+00 0.000000000000000000e+00
2.330000000000000071e+00 0.000000000000000000e+00
2.333333333333333481e+00 0.000000000000000000e+00
2.336666666666666892e+00 0.000000000000000000e+00
2.340000000000000302e+00 0.000000000000000000e+00
2.343333333333333268e+00 0.000000000000000000e+00
2.346666666666666679e+00 0.000000000000000000e+00
2.350000000000000089e+00 0.000000000000000000e+00
2.353333333333333499e+00 0.000000000000000000e+00
2.356666666666666909e+00 0.000000000000000000e+00
2.360000000000000320e+00 0.000000000000000000e+00
2.363333333333333286e+00 0.000000000000000000e+00
2.366666666666666696e+00 0.000000000000000000e+00
2.370000000000000107e+00 0.000000000000000000e+00
2.373333333333333517e+00 0.000000000000000000e+00
2.376666666666666927e+00 0.000000000000000000e+00
2.380000000000000338e+00 0.000000000000000000e+00
2.383333333333333304e+00 0.000000000000000000e+00
2.386666666666666714e+00 0.000000000000000000e+00
2.390000000000000124e+00 0.000000000000000000e+00
2.393333333333333535e+00 0.000000000000000000e+00
2.396666666666666945e+00 0.000000000000000000e+00
2.400000000000000355e+00 0.000000000000000000e+00
2.403333333333333321e+00 0.000000000000000000e+00
2.406666666666666732e+00 0.000000000000000000e+00
2.410000000000000142e+00 0.000000000000000000e+00
2.413333333333333552e+00 0.000000000000000000e+00
2.416666666666666963e+00 0.000000000000000000e+00
2.420000000000000373e+00 0.000000000000000000e+00
2.423333333333333339e+00 0.000000000000000000e+00
2.426666666666666750e+00 0.000000000000000000e+00
2.430000000000000160e+00 0.000000000000000000e+00
2.433333333333333570e+00 0.000000000000000000e+00
2.436666666666666980e+00 0.000000000000000000e+00
2.439999999999999947e+00 0.000000000000000000e+00
2.443333333333333357e+00 0.000000000000000000e+00
2.446666666666666767e+00 0.000000000000000000e+00
2.450000000000000178e+00 0.000000000000000000e+00
2.453333333333333588e+00 0.000000000000000000e+00
2.456666666666666998e+00 0.000000000000000000e+00
2.459999999999999964e+00 0.000000000000000000e+00
2.463333333333333375e+00 0.000000000000000000e+00
2.466666666666666785e+00 0.000000000000000000e+00
2.470000000000000195e+00 0.000000000000000000e+00
2.473333333333333606e+00 0.000000000000000000e+00
2.476666666666667016e+00 0.000000000000000000e+00
2.479999999999999982e+00 0.000000000000000000e+00
2.483333333333333393e+00 0.000000000000000000e+00
2.486666666666666803e+00 0.000000000000000000e+00
2.490000000000000213e+00 0.000000000000000000e+00
2.493333333333333623e+00 0.000000000000000000e+00
2.496666666666667034e+00 0.000000000000000000e+00
2.500000000000000000e+00 0.000000000000000000e+00
2.503333333333333410e+00 0.000000000000000000e+00
2.506666666666666821e+00 0.000000000000000000e+00
2.510000000000000231e+00 0.000000000000000000e+00
2.513333333333333641e+00 0.000000000000000000e+00
2.516666666666666607e+00 0.000000000000000000e+00
2.520000000000000018e+00 0.000000000000000000e+00
2.523333333333333428e+00 0.000000000000000000e+00
2.526666666666666838e+00 0.000000000000000000e+00
2.530000000000000249e+00 0.000000000000000000e+00
2.533333333333333659e+00 0.000000000000000000e+00
2.536666666666666625e+00 0.000000000000000000e+00
2.540000000000000036e+00 0.000000000000000000e+00
2.543333333333333446e+00 0.000000000000000000e+00
2.546666666666666856e+00 0.000000000000000000e+00
2.550000000000000266e+00 0.000000000000000000e+00
2.553333333333333677e+00 0.000000000000000000e+00
2.556666666666666643e+00 0.000000000000000000e+00
2.560000000000000053e+00 0.000000000000000000e+00
2.563333333333333464e+00 0.000000000000000000e+00
2.566666666666666874e+00 0.000000000000000000e+00
2.570000000000000284e+00 0.000000000000000000e+00
2.573333333333333695e+00 0.000000000000000000e+00
2.576666666666666661e+00 0.000000000000000000e+00
2.580000000000000071e+00 0.000000000000000000e+00
2.583333333333333481e+00 0.000000000000000000e+00
2.586666666666666892e+00 0.000000000000000000e+00
2.590000000000000302e+00 0.000000000000000000e+00
2.593333333333333712e+00 0.000000000000000000e+00
2.596666666666666679e+00 0.000000000000000000e+00
2.600000000000000089e+00 0.000000000000000000e+00
2.603333333333333499e+00 0.000000000000000000e+00
2.606666666666666909e+00 0.000000000000000000e+00
2.610000000000000320e+00 0.000000000000000000e+00
2.613333333333333286e+00 0.000000000000000000e+00
2.616666666666666696e+00 0.000000000000000000e+00
2.620000000000000107e+00 0.000000000000000000e+00
2.623333333333333517e+00 0.000000000000000000e+00
2.626666666666666927e+00 0.000000000000000000e+00
2.630000000000000338e+00 0.000000000000000000e+00
2.633333333333333304e+00 0.000000000000000000e+00
2.636666666666666714e+00 0.000000000000000000e+00
2.640000000000000124e+00 0.000000000000000000e+00
2.643333333333333535e+00 0.000000000000000000e+00
2.646666666666666945e+00 0.000000000000000000e+00
2.650000000000000355e+00 0.000000000000000000e+00
2.653333333333333321e+00 0.000000000000000000e+00
2.656666666666666732e+00 0.000000000000000000e+00
2.660000000000000142e+00 0.000000000000000000e+00
2.663333333333333552e+00 0.000000000000000000e+00
2.666666666666666963e+00 0.000000000000000000e+00
2.670000000000000373e+00 0.000000000000000000e+00
2.673333333333333339e+00 0.000000000000000000e+00
2.676666666666666750e+00 0.000000000000000000e+00
2.680000000000000160e+00 0.000000000000000000e+00
2.683333333333333570e+00 0.000000000000000000e+00
2.686666666666666980e+00 0.000000000000000000e+00
2.690000000000000391e+00 0.000000000000000000e+00
2.693333333333333357e+00 0.000000000000000000e+00
2.696666666666666767e+00 0.000000000000000000e+00
2.700000000000000178e+00 0.000000000000000000e+00
2.703333333333333588e+00 0.000000000000000000e+00
2.706666666666666998e+00 0.000000000000000000e+00
2.709999999999999964e+00 0.000000000000000000e+00
2.713333333333333375e+00 0.000000000000000000e+00
2.716666666666666785e+00 0.000000000000000000e+00
2.720000000000000195e+00 0.000000000000000000e+00
2.723333333333333606e+00 0.000000000000000000e+00
2.726666666666667016e+00 0.000000000000000000e+00
2.729999999999999982e+00 0.000000000000000000e+00
2.733333333333333393e+00 0.000000000000000000e+00
2.736666666666666803e+00 0.000000000000000000e+00
2.740000000000000213e+00 0.000000000000000000e+00
2.743333333333333623e+00 0.000000000000000000e+00
2.746666666666667034e+00 0.000000000000000000e+00
2.750000000000000000e+00 0.000000000000000000e+00
2.753333333333333410e+00 0.000000000000000000e+00
2.756666666666666821e+00 0.000000000000000000e+00
2.760000000000000231e+00 0.000000000000000000e+00
2.763333333333333641e+00 0.000000000000000000e+00
2.766666666666667052e+00 0.000000000000000000e+00
2.770000000000000018e+00 0.000000000000000000e+00
2.773333333333333428e+00 0.000000000000000000e+00
2.776666666666666838e+00 0.000000000000000000e+00
2.780000000000000249e+00 0.000000000000000000e+00
2.783333333333333659e+00 0.000000000000000000e+00
2.786666666666666625e+00 0.000000000000000000e+00
2.790000000000000036e+00 0.000000000000000000e+00
2.793333333333333446e+00 0.000000000000000000e+00
2.796666666666666856e+00 0.000000000000000000e+00
2.800000000000000266e+00 0.000000000000000000e+00
2.803333333333333677e+00 0.000000000000000000e+00
2.806666666666666643e+00 0.000000000000000000e+00
2.810000000000000053e+00 0.000000000000000000e+00
2.813333333333333464e+00 0.000000000000000000e+00
2.816666666666666874e+00 0.000000000000000000e+00
2.820000000000000284e+00 0.000000000000000000e+00
2.823333333333333695e+00 0.000000000000000000e+00
2.826666666666666661e+00 0.000000000000000000e+00
2.830000000000000071e+00 0.000000000000000000e+00
2.833333333333333481e+00 0.000000000000000000e+00
2.836666666666666892e+00 0.000000000000000000e+00
2.840000000000000302e+00 0.000000000000000000e+00
2.843333333333333712e+00 0.000000000000000000e+00
2.846666666666666679e+00 0.000000000000000000e+00
2.850000000000000089e+00 0.000000000000000000e+00
2.853333333333333499e+00 0.000000000000000000e+00
2.856666666666666909e+00 0.000000000000000000e+00
2.860000000000000320e+00 0.000000000000000000e+00
2.863333333333333730e+00 0.000000000000000000e+00
2.866666666666666696e+00 0.000000000000000000e+00
2.870000000000000107e+00 0.000000000000000000e+00
2.873333333333333517e+00 0.000000000000000000e+00
2.876666666666666927e+00 0.000000000000000000e+00
2.880000000000000338e+00 0.000000000000000000e+00
2.883333333333333304e+00 0.000000000000000000e+00
2.886666666666666714e+00 0.000000000000000000e+00
2.890000000000000124e+00 0.000000000000000000e+00
2.893333333333333535e+00 0.000000000000000000e+00
2.896666666666666945e+00 0.000000000000000000e+00
2.900000000000000355e+00 0.000000000000000000e+00
2.903333333333333321e+00 0.000000000000000000e+00
2.906666666666666732e+00 0.000000000000000000e+00
2.910000000000000142e+00 0.000000000000000000e+00
2.913333333333333552e+00 0.000000000000000000e+00
2.916666666666666963e+00 0.000000000000000000e+00
2.920000000000000373e+00 0.000000000000000000e+00
2.923333333333333339e+00 0.000000000000000000e+00
2.926666666666666750e+00 0.000000000000000000e+00
2.930000000000000160e+00 0.000000000000000000e+00
2.933333333333333570e+00 0.000000000000000000e+00
2.936666666666666980e+00 0.000000000000000000e+00
2.940000000000000391e+00 0.000000000000000000e+00
2.943333333333333357e+00 0.000000000000000000e+00
2.946666666666666767e+00 0.000000000000000000e+00
2.950000000000000178e+00 0.000000000000000000e+00
2.953333333333333588e+00 0.000000000000000000e+00
2.956666666666666998e+00 0.000000000000000000e+00
2.960000000000000409e+00 0.000000000000000000e+00
2.963333333333333375e+00 0.000000000000000000e+00
2.966666666666666785e+00 0.000000000000000000e+00
2.970000000000000195e+00 0.000000000000000000e+00
2.973333333333333606e+00 0.000000000000000000e+00
2.976666666666667016e+00 0.000000000000000000e+00
2.979999999999999982e+00 0.000000000000000000e+00
2.983333333333333393e+00 0.000000000000000000e+00
2.986666666666666803e+00 0.000000000000000000e+00
2.990000000000000213e+00 0.000000000000000000e+00
2.993333333333333623e+00 0.000000000000000000e+00
2.996666666666667034e+00 0.000000000000000000e+00
3.000000000000000000e+00 0.000000000000000000e+00
3.003333333333333410e+00 0.000000000000000000e+00
3.006666666666666821e+00 0.000000000000000000e+00
3.010000000000000231e+00 0.000000000000000000e+00
3.013333333333333641e+00 0.000000000000000000e+00
3.016666666666667052e+00 0.000000000000000000e+00
3.020000000000000018e+00 0.000000000000000000e+00
3.023333333333333428e+00 0.000000000000000000e+00
3.026666666666666838e+00 0.000000000000000000e+00
3.030000000000000249e+00 0.000000000000000000e+00
3.033333333333333659e+00 0.000000000000000000e+00
3.036666666666667069e+00 0.000000000000000000e+00
3.040000000000000036e+00 0.000000000000000000e+00
3.043333333333333446e+00 0.000000000000000000e+00
3.046666666666666856e+00 0.000000000000000000e+00
3.050000000000000266e+00 0.000000000000000000e+00
3.053333333333333677e+00 0.000000000000000000e+00
3.056666666666666643e+00 0.000000000000000000e+00
3.060000000000000053e+00 0.000000000000000000e+00
3.063333333333333464e+00 0.000000000000000000e+00
3.066666666666666874e+00 0.000000000000000000e+00
3.070000000000000284e+00 0.000000000000000000e+00
3.073333333333333695e+00 0.000000000000000000e+00
3.076666666666666661e+00 0.000000000000000000e+00
3.080000000000000071e+00 0.000000000000000000e+00
3.083333333333333481e+00 0.000000000000000000e+00
3.086666666666666892e+00 0.000000000000000000e+00
3.090000000000000302e+00 0.000000000000000000e+00
3.093333333333333712e+00 0.000000000000000000e+00
3.096666666666666679e+00 0.000000000000000000e+00
3.100000000000000089e+00 0.000000000000000000e+00
3.103333333333333499e+00 0.000000000000000000e+00
3.106666666666666909e+00 0.000000000000000000e+00
3.110000000000000320e+00 0.000000000000000000e+00
3.113333333333333730e+00 0.000000000000000000e+00
3.116666666666666696e+00 0.000000000000000000e+00
3.120000000000000107e+00 0.000000000000000000e+00
3.123333333333333517e+00 0.000000000000000000e+00
3.126666666666666927e+00 0.000000000000000000e+00
3.130000000000000338e+00 0.000000000000000000e+00
3.133333333333333748e+00 0.000000000000000000e+00
3.136666666666666714e+00 0.000000000000000000e+00
3.140000000000000124e+00 0.000000000000000000e+00
3.143333333333333535e+00 0.000000000000000000e+00
3.146666666666666945e+00 0.000000000000000000e+00
3.150000000000000355e+00 0.000000000000000000e+00
3.153333333333333321e+00 0.000000000000000000e+00
3.156666666666666732e+00 0.000000000000000000e+00
3.160000000000000142e+00 0.000000000000000000e+00
3.163333333333333552e+00 0.000000000000000000e+00
3.166666666666666963e+00 0.000000000000000000e+00
3.170000000000000373e+00 0.000000000000000000e+00
3.173333333333333339e+00 0.000000000000000000e+00
3.176666666666666750e+00 0.000000000000000000e+00
3.180000000000000160e+00 0.000000000000000000e+00
3.183333333333333570e+00 0.000000000000000000e+00
3.186666666666666980e+00 0.000000000000000000e+00
3.190000000000000391e+00 0.000000000000000000e+00
3.193333333333333357e+00 0.000000000000000000e+00
3.196666666666666767e+00 0.000000000000000000e+00
3.200000000000000178e+00 0.000000000000000000e+00
3.203333333333333588e+00 0.000000000000000000e+00
3.206666666666666998e+00 0.000000000000000000e+00
3.210000000000000409e+00 0.000000000000000000e+00
3.213333333333333375e+00 0.000000000000000000e+00
3.216666666666666785e+00 0.000000000000000000e+00
3.220000000000000195e+00 0.000000000000000000e+00
3.223333333333333606e+00 0.000000000000000000e+00
3.226666666666667016e+00 0.000000000000000000e+00
3.230000000000000426e+00 0.000000000000000000e+00
3.233333333333333393e+00 0.000000000000000000e+00
3.236666666666666803e+00 0.000000000000000000e+00
3.240000000000000213e+00 0.000000000000000000e+00
3.243333333333333623e+00 0.000000000000000000e+00
3.246666666666667034e+00 0.000000000000000000e+00
3.250000000000000000e+00 0.000000000000000000e+00
3.253333333333333410e+00 0.000000000000000000e+00
3.256666666666666821e+00 0.000000000000000000e+00
3.260000000000000231e+00 0.000000000000000000e+00
3.263333333333333641e+00 0.000000000000000000e+00
3.266666666666667052e+00 0.000000000000000000e+00
3.270000000000000018e+00 0.000000000000000000e+00
3.273333333333333428e+00 0.000000000000000000e+00
3.276666666666666838e+00 0.000000000000000000e+00
3.280000000000000249e+00 0.000000000000000000e+00
3.283333333333333659e+00 0.000000000000000000e+00
3.286666666666667069e+00 0.000000000000000000e+00
3.290000000000000036e+00 0.000000000000000000e+00
3.293333333333333446e+00 0.000000000000000000e+00
3.296666666666666856e+00 0.000000000000000000e+00
3.300000000000000266e+00 0.000000000000000000e+00
3.303333333333333677e+00 0.000000000000000000e+00
3.306666666666667087e+00 0.000000000000000000e+00
3.310000000000000053e+00 0.000000000000000000e+00
3.313333333333333464e+00 0.000000000000000000e+00
3.316666666666666874e+00 0.000000000000000000e+00
3.320000000000000284e+00 0.000000000000000000e+00
3.323333333333333695e+00 0.000000000000000000e+00
3.326666666666666661e+00 0.000000000000000000e+00
3.330000000000000071e+00 0.000000000000000000e+00
3.333333333333333481e+00 0.000000000000000000e+00
3.336666666666666892e+00 0.000000000000000000e+00
3.340000000000000302e+00 0.000000000000000000e+00
3.343333333333333712e+00 0.000000000000000000e+00
3.346666666666666679e+00 0.000000000000000000e+00
3.350000000000000089e+00 0.000000000000000000e+00
3.353333333333333499e+00 0.000000000000000000e+00
3.356666666666666909e+00 0.000000000000000000e+00
3.360000000000000320e+00 0.000000000000000000e+00
3.363333333333333730e+00 0.000000000000000000e+00
3.366666666666666696e+00 0.000000000000000000e+00
3.370000000000000107e+00 0.000000000000000000e+00
3.373333333333333517e+00 0.000000000000000000e+00
3.376666666666666927e+00 0.000000000000000000e+00
3.380000000000000338e+00 0.000000000000000000e+00
3.383333333333333748e+00 0.000000000000000000e+00
3.386666666666666714e+00 0.000000000000000000e+00
3.390000000000000124e+00 0.000000000000000000e+00
3.393333333333333535e+00 0.000000000000000000e+00
3.396666666666666945e+00 0.000000000000000000e+00
3.400000000000000355e+00 0.000000000000000000e+00
3.403333333333333766e+00 0.000000000000000000e+00
3.406666666666666732e+00 0.000000000000000000e+00
3.410000000000000142e+00 0.000000000000000000e+00
3.413333333333333552e+00 0.000000000000000000e+00
3.416666666666666963e+00 0.000000000000000000e+00
3.420000000000000373e+00 0.000000000000000000e+00
3.423333333333333339e+00 0.000000000000000000e+00
3.426666666666666750e+00 0.000000000000000000e+00
3.430000000000000160e+00 0.000000000000000000e+00
3.433333333333333570e+00 0.000000000000000000e+00
3.436666666666666980e+00 0.000000000000000000e+00
3.440000000000000391e+00 0.000000000000000000e+00
3.443333333333333357e+00 0.000000000000000000e+00
3.446666666666666767e+00 0.000000000000000000e+00
3.450000000000000178e+00 0.000000000000000000e+00
3.453333333333333588e+00 0.000000000000000000e+00
3.456666666666666998e+00 0.000000000000000000e+00
3.460000000000000409e+00 0.000000000000000000e+00
3.463333333333333375e+00 0.000000000000000000e+00
3.466666666666666785e+00 0.000000000000000000e+00
3.470000000000000195e+00 0.000000000000000000e+00
3.473333333333333606e+00 0.000000000000000000e+00
3.476666666666667016e+00 0.000000000000000000e+00
3.480000000000000426e+00 0.000000000000000000e+00
3.483333333333333393e+00 0.000000000000000000e+00
3.486666666666666803e+00 0.000000000000000000e+00
3.490000000000000213e+00 0.000000000000000000e+00
3.493333333333333623e+00 0.000000000000000000e+00
3.496666666666667034e+00 0.000000000000000000e+00
3.500000000000000444e+00 0.000000000000000000e+00
3.503333333333333410e+00 0.000000000000000000e+00
3.506666666666666821e+00 0.000000000000000000e+00
3.510000000000000231e+00 0.000000000000000000e+00
3.513333333333333641e+00 0.000000000000000000e+00
3.516666666666667052e+00 0.000000000000000000e+00
3.520000000000000018e+00 0.000000000000000000e+00
3.523333333333333428e+00 0.000000000000000000e+00
3.526666666666666838e+00 0.000000000000000000e+00
3.530000000000000249e+00 0.000000000000000000e+00
3.533333333333333659e+00 0.000000000000000000e+00
3.536666666666667069e+00 0.000000000000000000e+00
3.540000000000000036e+00 0.000000000000000000e+00
3.543333333333333446e+00 0.000000000000000000e+00
3.546666666666666856e+00 0.000000000000000000e+00
3.550000000000000266e+00 0.000000000000000000e+00
3.553333333333333677e+00 0.000000000000000000e+00
3.556666666666667087e+00 0.000000000000000000e+00
3.560000000000000053e+00 0.000000000000000000e+00
3.563333333333333464e+00 0.000000000000000000e+00
3.566666666666666874e+00 0.000000000000000000e+00
3.570000000000000284e+00 0.000000000000000000e+00
3.573333333333333695e+00 0.000000000000000000e+00
3.576666666666667105e+00 0.000000000000000000e+00
3.580000000000000071e+00 0.000000000000000000e+00
3.583333333333333481e+00 0.000000000000000000e+00
3.586666666666666892e+00 0.000000000000000000e+00
3.590000000000000302e+00 0.000000000000000000e+00
3.593333333333333712e+00 0.000000000000000000e+00
3.596666666666666679e+00 0.000000000000000000e+00
3.600000000000000089e+00 0.000000000000000000e+00
3.603333333333333499e+00 0.000000000000000000e+00
3.606666666666666909e+00 0.000000000000000000e+00
3.610000000000000320e+00 0.000000000000000000e+00
3.613333333333333730e+00 0.000000000000000000e+00
3.616666666666666696e+00 0.000000000000000000e+00
3.620000000000000107e+00 0.000000000000000000e+00
3.623333333333333517e+00 0.000000000000000000e+00
3.626666666666666927e+00 0.000000000000000000e+00
3.630000000000000338e+00 0.000000000000000000e+00
3.633333333333333748e+00 0.000000000000000000e+00
3.636666666666666714e+00 0.000000000000000000e+00
3.640000000000000124e+00 0.000000000000000000e+00
3.643333333333333535e+00 0.000000000000000000e+00
3.646666666666666945e+00 0.000000000000000000e+00
3.650000000000000355e+00 0.000000000000000000e+00
3.653333333333333766e+00 0.000000000000000000e+00
3.656666666666666732e+00 0.000000000000000000e+00
3.660000000000000142e+00 0.000000000000000000e+00
3.663333333333333552e+00 0.000000000000000000e+00
3.666666666666666963e+00 0.000000000000000000e+00
3.670000000000000373e+00 0.000000000000000000e+00
3.673333333333333783e+00 0.000000000000000000e+00
3.676666666666666750e+00 0.000000000000000000e+00
3.680000000000000160e+00 0.000000000000000000e+00
3.683333333333333570e+00 0.000000000000000000e+00
3.686666666666666980e+00 0.000000000000000000e+00
3.690000000000000391e+00 0.000000000000000000e+00
3.693333333333333357e+00 0.000000000000000000e+00
3.696666666666666767e+00 0.000000000000000000e+00
3.700000000000000178e+00 0.000000000000000000e+00
3.703333333333333588e+00 0.000000000000000000e+00
3.706666666666666998e+00 0.000000000000000000e+00
3.710000000000000409e+00 0.000000000000000000e+00
3.713333333333333375e+00 0.000000000000000000e+00
3.716666666666666785e+00 0.000000000000000000e+00
3.720000000000000195e+00 0.000000000000000000e+00
3.723333333333333606e+00 0.000000000000000000e+00
3.726666666666667016e+00 0.000000000000000000e+00
3.730000000000000426e+00 0.000000000000000000e+00
3.733333333333333393e+00 0.000000000000000000e+00
3.736666666666666803e+00 0.000000000000000000e+00
3.740000000000000213e+00 0.000000000000000000e+00
3.743333333333333623e+00 0.000000000000000000e+00
3.746666666666667034e+00 0.000000000000000000e+00
3.750000000000000444e+00 0.000000000000000000e+00
3.753333333333333410e+00 0.000000000000000000e+00
3.756666666666666821e+00 0.000000000000000000e+00
3.760000000000000231e+00 0.000000000000000000e+00
3.763333333333333641e+00 0.000000000000000000e+00
3.766666666666667052e+00 0.000000000000000000e+00
3.770000000000000462e+00 0.000000000000000000e+00
3.773333333333333428e+00 0.000000000000000000e+00
3.776666666666666838e+00 0.000000000000000000e+00
3.780000000000000249e+00 0.000000000000000000e+00
3.783333333333333659e+00 0.000000000000000000e+00
3.786666666666667069e+00 0.000000000000000000e+00
3.790000000000000036e+00 0.000000000000000000e+00
3.793333333333333446e+00 0.000000000000000000e+00
3.796666666666666856e+00 0.000000000000000000e+00
3.800000000000000266e+00 0.000000000000000000e+00
3.803333333333333677e+00 0.000000000000000000e+00
3.806666666666667087e+00 0.000000000000000000e+00
3.810000000000000053e+00 0.000000000000000000e+00
3.813333333333333464e+00 0.000000000000000000e+00
3.816666666666666874e+00 0.000000000000000000e+00
3.820000000000000284e+00 0.000000000000000000e+00
3.823333333333333695e+00 0.000000000000000000e+00
3.826666666666667105e+00 0.000000000000000000e+00
3.830000000000000071e+00 0.000000000000000000e+00
3.833333333333333481e+00 0.000000000000000000e+00
3.836666666666666892e+00 0.000000000000000000e+00
3.840000000000000302e+00 0.000000000000000000e+00
3.843333333333333712e+00 0.000000000000000000e+00
3.846666666666667123e+00 0.000000000000000000e+00
3.850000000000000089e+00 0.000000000000000000e+00
3.853333333333333499e+00 0.000000000000000000e+00
3.856666666666666909e+00 0.000000000000000000e+00
3.860000000000000320e+00 0.000000000000000000e+00
3.863333333333333730e+00 0.000000000000000000e+00
3.866666666666666696e+00 0.000000000000000000e+00
3.870000000000000107e+00 0.000000000000000000e+00
3.873333333333333517e+00 0.000000000000000000e+00
3.876666666666666927e+00 0.000000000000000000e+00
3.880000000000000338e+00 0.000000000000000000e+00
3.883333333333333748e+00 0.000000000000000000e+00
3.886666666666666714e+00 0.000000000000000000e+00
3.890000000000000124e+00 0.000000000000000000e+00
3.893333333333333535e+00 0.000000000000000000e+00
3.896666666666666945e+00 0.000000000000000000e+00
3.900000000000000355e+00 0.000000000000000000e+00
3.903333333333333766e+00 0.000000000000000000e+00
3.906666666666666732e+00 0.000000000000000000e+00
3.910000000000000142e+00 0.000000000000000000e+00
3.913333333333333552e+00 0.000000000000000000e+00
3.916666666666666963e+00 0.000000000000000000e+00
3.920000000000000373e+00 0.000000000000000000e+00
3.923333333333333783e+00 0.000000000000000000e+00
3.926666666666666750e+00 0.000000000000000000e+00
3.930000000000000160e+00 0.000000000000000000e+00
3.933333333333333570e+00 0.000000000000000000e+00
3.936666666666666980e+00 0.000000000000000000e+00
3.940000000000000391e+00 0.000000000000000000e+00
3.943333333333333801e+00 0.000000000000000000e+00
3.946666666666666767e+00 0.000000000000000000e+00
3.950000000000000178e+00 0.000000000000000000e+00
3.953333333333333588e+00 0.000000000000000000e+00
3.956666666666666998e+00 0.000000000000000000e+00
3.960000000000000409e+00 0.000000000000000000e+00
3.963333333333333375e+00 0.000000000000000000e+00
3.966666666666666785e+00 0.000000000000000000e+00
3.970000000000000195e+00 0.000000000000000000e+00
3.973333333333333606e+00 0.000000000000000000e+00
3.976666666666667016e+00 0.000000000000000000e+00
3.980000000000000426e+00 0.000000000000000000e+00
3.983333333333333393e+00 0.000000000000000000e+00
3.986666666666666803e+00 0.000000000000000000e+00
3.990000000000000213e+00 0.000000000000000000e+00
3.993333333333333623e+00 0.000000000000000000e+00
3.996666666666667034e+00 0.000000000000000000e+00
4.000000000000000000e+00 0.000000000000000000e+00
4.003333333333333854e+00 0.000000000000000000e+00
4.006666666666666821e+00 0.000000000000000000e+00
4.010000000000000675e+00 0.000000000000000000e+00
4.013333333333333641e+00 0.000000000000000000e+00
4.016666666666666607e+00 0.000000000000000000e+00
4.020000000000000462e+00 0.000000000000000000e+00
4.023333333333333428e+00 0.000000000000000000e+00
4.026666666666667282e+00 0.000000000000000000e+00
4.030000000000000249e+00 0.000000000000000000e+00
4.033333333333333215e+00 0.000000000000000000e+00
4.036666666666667069e+00 0.000000000000000000e+00
4.040000000000000036e+00 0.000000000000000000e+00
4.043333333333333890e+00 0.000000000000000000e+00
4.046666666666666856e+00 0.000000000000000000e+00
4.049999999999999822e+00 0.000000000000000000e+00
4.053333333333333677e+00 0.000000000000000000e+00
4.056666666666666643e+00 0.000000000000000000e+00
4.060000000000000497e+00 0.000000000000000000e+00
4.063333333333333464e+00 0.000000000000000000e+00
4.066666666666667318e+00 0.000000000000000000e+00
4.070000000000000284e+00 0.000000000000000000e+00
4.073333333333333250e+00 0.000000000000000000e+00
4.076666666666667105e+00 0.000000000000000000e+00
4.080000000000000071e+00 0.000000000000000000e+00
4.083333333333333925e+00 0.000000000000000000e+00
4.086666666666666892e+00 0.000000000000000000e+00
4.089999999999999858e+00 0.000000000000000000e+00
4.093333333333333712e+00 0.000000000000000000e+00
4.096666666666666679e+00 0.000000000000000000e+00
4.100000000000000533e+00 0.000000000000000000e+00
4.103333333333333499e+00 0.000000000000000000e+00
4.106666666666667354e+00 0.000000000000000000e+00
4.110000000000000320e+00 0.000000000000000000e+00
4.113333333333333286e+00 0.000000000000000000e+00
4.116666666666667140e+00 0.000000000000000000e+00
4.120000000000000107e+00 0.000000000000000000e+00
4.123333333333333961e+00 0.000000000000000000e+00
4.126666666666666927e+00 0.000000000000000000e+00
4.129999999999999893e+00 0.000000000000000000e+00
4.133333333333333748e+00 0.000000000000000000e+00
4.136666666666666714e+00 0.000000000000000000e+00
4.140000000000000568e+00 0.000000000000000000e+00
4.143333333333333535e+00 0.000000000000000000e+00
4.146666666666666501e+00 0.000000000000000000e+00
4.150000000000000355e+00 0.000000000000000000e+00
4.153333333333333321e+00 0.000000000000000000e+00
4.156666666666667176e+00 0.000000000000000000e+00
4.160000000000000142e+00 0.000000000000000000e+00
4.163333333333333997e+00 0.000000000000000000e+00
4.166666666666666963e+00 0.000000000000000000e+00
4.169999999999999929e+00 0.000000000000000000e+00
4.173333333333333783e+00 0.000000000000000000e+00
4.176666666666666750e+00 0.000000000000000000e+00
4.180000000000000604e+00 0.000000000000000000e+00
4.183333333333333570e+00 0.000000000000000000e+00
4.186666666666666536e+00 0.000000000000000000e+00
4.190000000000000391e+00 0.000000000000000000e+00
4.193333333333333357e+00 0.000000000000000000e+00
4.196666666666667211e+00 0.000000000000000000e+00
4.200000000000000178e+00 0.000000000000000000e+00
4.203333333333334032e+00 0.000000000000000000e+00
4.206666666666666998e+00 0.000000000000000000e+00
4.209999999999999964e+00 0.000000000000000000e+00
4.213333333333333819e+00 0.000000000000000000e+00
4.216666666666666785e+00 0.000000000000000000e+00
4.220000000000000639e+00 0.000000000000000000e+00
4.223333333333333606e+00 0.000000000000000000e+00
4.226666666666666572e+00 0.000000000000000000e+00
4.230000000000000426e+00 0.000000000000000000e+00
4.233333333333333393e+00 0.000000000000000000e+00
4.236666666666667247e+00 0.000000000000000000e+00
4.240000000000000213e+00 0.000000000000000000e+00
4.243333333333333179e+00 0.000000000000000000e+00
4.246666666666667034e+00 0.000000000000000000e+00
4.250000000000000000e+00 0.000000000000000000e+00
4.253333333333333854e+00 0.000000000000000000e+00
4.256666666666666821e+00 0.000000000000000000e+00
4.260000000000000675e+00 0.000000000000000000e+00
4.263333333333333641e+00 0.000000000000000000e+00
4.266666666666666607e+00 0.000000000000000000e+00
4.270000000000000462e+00 0.000000000000000000e+00
4.273333333333333428e+00 0.000000000000000000e+00
4.276666666666667282e+00 0.000000000000000000e+00
4.280000000000000249e+00 0.000000000000000000e+00
4.283333333333333215e+00 0.000000000000000000e+00
4.286666666666667069e+00 0.000000000000000000e+00
4.290000000000000036e+00 0.000000000000000000e+00
4.293333333333333890e+00 0.000000000000000000e+00
4.296666666666666856e+00 0.000000000000000000e+00
4.300000000000000711e+00 0.000000000000000000e+00
4.303333333333333677e+00 0.000000000000000000e+00
4.306666666666666643e+00 0.000000000000000000e+00
4.310000000000000497e+00 0.000000000000000000e+00
4.313333333333333464e+00 0.000000000000000000e+00
4.316666666666667318e+00 0.000000000000000000e+00
4.320000000000000284e+00 0.000000000000000000e+00
4.323333333333333250e+00 0.000000000000000000e+00
4.326666666666667105e+00 0.000000000000000000e+00
4.330000000000000071e+00 0.000000000000000000e+00
4.333333333333333925e+00 0.000000000000000000e+00
4.336666666666666892e+00 0.000000000000000000e+00
4.339999999999999858e+00 0.000000000000000000e+00
4.343333333333333712e+00 0.000000000000000000e+00
4.346666666666666679e+00 0.000000000000000000e+00
4.350000000000000533e+00 0.000000000000000000e+00
4.353333333333333499e+00 0.000000000000000000e+00
4.356666666666667354e+00 0.000000000000000000e+00
4.360000000000000320e+00 0.000000000000000000e+00
4.363333333333333286e+00 0.000000000000000000e+00
4.366666666666667140e+00 0.000000000000000000e+00
4.370000000000000107e+00 0.000000000000000000e+00
4.373333333333333961e+00 0.000000000000000000e+00
4.376666666666666927e+00 0.000000000000000000e+00
4.379999999999999893e+00 0.000000000000000000e+00
4.383333333333333748e+00 0.000000000000000000e+00
4.386666666666666714e+00 0.000000000000000000e+00
4.390000000000000568e+00 0.000000000000000000e+00
4.393333333333333535e+00 0.000000000000000000e+00
4.396666666666667389e+00 0.000000000000000000e+00
4.400000000000000355e+00 0.000000000000000000e+00
4.403333333333333321e+00 0.000000000000000000e+00
4.406666666666667176e+00 0.000000000000000000e+00
4.410000000000000142e+00 0.000000000000000000e+00
4.413333333333333997e+00 0.000000000000000000e+00
4.416666666666666963e+00 0.000000000000000000e+00
4.419999999999999929e+00 0.000000000000000000e+00
4.423333333333333783e+00 0.000000000000000000e+00
4.426666666666666750e+00 0.000000000000000000e+00
4.430000000000000604e+00 0.000000000000000000e+00
4.433333333333333570e+00 0.000000000000000000e+00
4.436666666666666536e+00 0.000000000000000000e+00
4.440000000000000391e+00 0.000000000000000000e+00
4.443333333333333357e+00 0.000000000000000000e+00
4.446666666666667211e+00 0.000000000000000000e+00
4.450000000000000178e+00 0.000000000000000000e+00
4.453333333333334032e+00 0.000000000000000000e+00
4.456666666666666998e+00 0.000000000000000000e+00
4.459999999999999964e+00 0.000000000000000000e+00
4.463333333333333819e+00 0.000000000000000000e+00
4.466666666666666785e+00 0.000000000000000000e+00
4.470000000000000639e+00 0.000000000000000000e+00
4.473333333333333606e+00 0.000000000000000000e+00
4.476666666666666572e+00 0.000000000000000000e+00
4.480000000000000426e+00 0.000000000000000000e+00
4.483333333333333393e+00 0.000000000000000000e+00
4.486666666666667247e+00 0.000000000000000000e+00
4.490000000000000213e+00 0.000000000000000000e+00
4.493333333333333179e+00 0.000000000000000000e+00
4.496666666666667034e+00 0.000000000000000000e+00
4.500000000000000000e+00 0.000000000000000000e+00
4.503333333333333854e+00 0.000000000000000000e+00
4.506666666666666821e+00 0.000000000000000000e+00
4.510000000000000675e+00 0.000000000000000000e+00
4.513333333333333641e+00 0.000000000000000000e+00
4.516666666666666607e+00 0.000000000000000000e+00
4.520000000000000462e+00 0.000000000000000000e+00
4.523333333333333428e+00 0.000000000000000000e+00
4.526666666666667282e+00 0.000000000000000000e+00
4.530000000000000249e+00 0.000000000000000000e+00
4.533333333333333215e+00 0.000000000000000000e+00
4.536666666666667069e+00 0.000000000000000000e+00
4.540000000000000036e+00 0.000000000000000000e+00
4.543333333333333890e+00 0.000000000000000000e+00
4.546666666666666856e+00 0.000000000000000000e+00
4.550000000000000711e+00 0.000000000000000000e+00
4.553333333333333677e+00 0.000000000000000000e+00
4.556666666666666643e+00 0.000000000000000000e+00
4.560000000000000497e+00 0.000000000000000000e+00
4.563333333333333464e+00 0.000000000000000000e+00
4.566666666666667318e+00 0.000000000000000000e+00
4.570000000000000284e+00 0.000000000000000000e+00
4.573333333333333250e+00 0.000000000000000000e+00
4.576666666666667105e+00 0.000000000000000000e+00
4.580000000000000071e+00 0.000000000000000000e+00
4.583333333333333925e+00 0.000000000000000000e+00
4.586666666666666892e+00 0.000000000000000000e+00
4.589999999999999858e+00 0.000000000000000000e+00
4.593333333333333712e+00 0.000000000000000000e+00
4.596666666666666679e+00 0.000000000000000000e+00
4.600000000000000533e+00 0.000000000000000000e+00
4.603333333333333499e+00 0.000000000000000000e+00
4.606666666666667354e+00 0.000000000000000000e+00
4.610000000000000320e+00 0.000000000000000000e+00
4.613333333333333286e+00 0.000000000000000000e+00
4.616666666666667140e+00 0.000000000000000000e+00
4.620000000000000107e+00 0.000000000000000000e+00
4.623333333333333961e+00 0.000000000000000000e+00
4.626666666666666927e+00 0.000000000000000000e+00
4.629999999999999893e+00 0.000000000000000000e+00
4.633333333333333748e+00 0.000000000000000000e+00
4.636666666666666714e+00 0.000000000000000000e+00
4.640000000000000568e+00 0.000000000000000000e+00
4.643333333333333535e+00 0.000000000000000000e+00
4.646666666666667389e+00 0.000000000000000000e+00
4.650000000000000355e+00 0.000000000000000000e+00
4.653333333333333321e+00 0.000000000000000000e+00
4.656666666666667176e+00 0.000000000000000000e+00
4.660000000000000142e+00 0.000000000000000000e+00
4.663333333333333997e+00 0.000000000000000000e+00
4.666666666666666963e+00 0.000000000000000000e+00
4.669999999999999929e+00 0.000000000000000000e+00
4.673333333333333783e+00 0.000000000000000000e+00
4.676666666666666750e+00 0.000000000000000000e+00
4.680000000000000604e+00 0.000000000000000000e+00
4.683333333333333570e+00 0.000000000000000000e+00
4.686666666666666536e+00 0.000000000000000000e+00
4.690000000000000391e+00 0.000000000000000000e+00
4.693333333333333357e+00 0.000000000000000000e+00
4.696666666666667211e+00 0.000000000000000000e+00
4.700000000000000178e+00 0.000000000000000000e+00
4.703333333333334032e+00 0.000000000000000000e+00
4.706666666666666998e+00 0.000000000000000000e+00
4.709999999999999964e+00 0.000000000000000000e+00
4.713333333333333819e+00 0.000000000000000000e+00
4.716666666666666785e+00 0.000000000000000000e+00
4.720000000000000639e+00 0.000000000000000000e+00
4.723333333333333606e+00 0.000000000000000000e+00
4.726666666666666572e+00 0.000000000000000000e+00
4.730000000000000426e+00 0.000000000000000000e+00
4.733333333333333393e+00 0.000000000000000000e+00
4.736666666666667247e+00 0.000000000000000000e+00
4.740000000000000213e+00 0.000000000000000000e+00
4.743333333333334068e+00 0.000000000000000000e+00
4.746666666666667034e+00 0.000000000000000000e+00
4.750000000000000000e+00 0.000000000000000000e+00
4.753333333333333854e+00 0.000000000000000000e+00
4.756666666666666821e+00 0.000000000000000000e+00
4.760000000000000675e+00 0.000000000000000000e+00
4.763333333333333641e+00 0.000000000000000000e+00
4.766666666666666607e+00 0.000000000000000000e+00
4.770000000000000462e+00 0.000000000000000000e+00
4.773333333333333428e+00 0.000000000000000000e+00
4.776666666666667282e+00 0.000000000000000000e+00
4.780000000000000249e+00 0.000000000000000000e+00
4.783333333333333215e+00 0.000000000000000000e+00
4.786666666666667069e+00 0.000000000000000000e+00
4.790000000000000036e+00 0.000000000000000000e+00
4.793333333333333890e+00 0.000000000000000000e+00
4.796666666666666856e+00 0.000000000000000000e+00
4.800000000000000711e+00 0.000000000000000000e+00
4.803333333333333677e+00 0.000000000000000000e+00
4.806666666666666643e+00 0.000000000000000000e+00
4.810000000000000497e+00 0.000000000000000000e+00
4.813333333333333464e+00 0.000000000000000000e+00
4.816666666666667318e+00 0.000000000000000000e+00
4.820000000000000284e+00 0.000000000000000000e+00
4.823333333333333250e+00 0.000000000000000000e+00
4.826666666666667105e+00 0.000000000000000000e+00
4.830000000000000071e+00 0.000000000000000000e+00
4.833333333333333925e+00 0.000000000000000000e+00
4.836666666666666892e+00 0.000000000000000000e+00
4.840000000000000746e+00 0.000000000000000000e+00
4.843333333333333712e+00 0.000000000000000000e+00
4.846666666666666679e+00 0.000000000000000000e+00
4.850000000000000533e+00 0.000000000000000000e+00
4.853333333333333499e+00 0.000000000000000000e+00
4.856666666666667354e+00 0.000000000000000000e+00
4.860000000000000320e+00 0.000000000000000000e+00
4.863333333333333286e+00 0.000000000000000000e+00
4.866666666666667140e+00 0.000000000000000000e+00
4.870000000000000107e+00 0.000000000000000000e+00
4.873333333333333961e+00 0.000000000000000000e+00
4.876666666666666927e+00 0.000000000000000000e+00
4.879999999999999893e+00 0.000000000000000000e+00
4.883333333333333748e+00 0.000000000000000000e+00
4.886666666666666714e+00 0.000000000000000000e+00
4.890000000000000568e+00 0.000000000000000000e+00
4.893333333333333535e+00 0.000000000000000000e+00
4.896666666666667389e+00 0.000000000000000000e+00
4.900000000000000355e+00 0.000000000000000000e+00
4.903333333333333321e+00 0.000000000000000000e+00
4.906666666666667176e+00 0.000000000000000000e+00
4.910000000000000142e+00 0.000000000000000000e+00
4.913333333333333997e+00 0.000000000000000000e+00
4.916666666666666963e+00 0.000000000000000000e+00
4.919999999999999929e+00 0.000000000000000000e+00
4.923333333333333783e+00 0.000000000000000000e+00
4.926666666666666750e+00 0.000000000000000000e+00
4.930000000000000604e+00 0.000000000000000000e+00
4.933333333333333570e+00 0.000000000000000000e+00
4.936666666666667425e+00 0.000000000000000000e+00
4.940000000000000391e+00 0.000000000000000000e+00
4.943333333333333357e+00 0.000000000000000000e+00
4.946666666666667211e+00 0.000000000000000000e+00
4.950000000000000178e+00 0.000000000000000000e+00
4.953333333333334032e+00 0.000000000000000000e+00
4.956666666666666998e+00 0.000000000000000000e+00
4.959999999999999964e+00 0.000000000000000000e+00
4.963333333333333819e+00 0.000000000000000000e+00
4.966666666666666785e+00 0.000000000000000000e+00
4.970000000000000639e+00 0.000000000000000000e+00
4.973333333333333606e+00 0.000000000000000000e+00
4.976666666666666572e+00 0.000000000000000000e+00
4.980000000000000426e+00 0.000000000000000000e+00
4.983333333333333393e+00 0.000000000000000000e+00
4.986666666666667247e+00 0.000000000000000000e+00
4.990000000000000213e+00 0.000000000000000000e+00
4.993333333333334068e+00 0.000000000000000000e+00
4.996666666666667034e+00 0.000000000000000000e+00
5.000000000000000000e+00 0.000000000000000000e+00
