0.000000000000000000e+00 0.000000000000000000e+00
3.333333333333333547e-03 0.000000000000000000e+00
6.666666666666667095e-03 0.000000000000000000e+00
1.000000000000000021e-02 0.000000000000000000e+00
1.333333333333333419e-02 0.000000000000000000e+00
1.666666666666666644e-02 0.000000000000000000e+00
2.000000000000000042e-02 0.000000000000000000e+00
2.333333333333333440e-02 0.000000000000000000e+00
2.666666666666666838e-02 0.000000000000000000e+00
3.000000000000000236e-02 0.000000000000000000e+00
3.333333333333333287e-02 0.000000000000000000e+00
3.666666666666666685e-02 0.000000000000000000e+00
4.000000000000000083e-02 0.000000000000000000e+00
4.333333333333333481e-02 0.000000000000000000e+00
4.666666666666666879e-02 0.000000000000000000e+00
5.000000000000000278e-02 0.000000000000000000e+00
5.333333333333333676e-02 0.000000000000000000e+00
5.666666666666667074e-02 0.000000000000000000e+00
6.000000000000000472e-02 0.000000000000000000e+00
6.333333333333333870e-02 0.000000000000000000e+00
6.666666666666666574e-02 0.000000000000000000e+00
7.000000000000000666e-02 0.000000000000000000e+00
7.333333333333333370e-02 0.000000000000000000e+00
7.666666666666667462e-02 0.000000000000000000e+00
8.000000000000000167e-02 0.000000000000000000e+00
8.333333333333334259e-02 0.000000000000000000e+00
8.666666666666666963e-02 0.000000000000000000e+00
9.000000000000001055e-02 0.000000000000000000e+00
9.333333333333333759e-02 0.000000000000000000e+00
9.666666666666667851e-02 0.000000000000000000e+00
1.000000000000000056e-01 0.000000000000000000e+00
1.033333333333333465e-01 0.000000000000000000e+00
1.066666666666666735e-01 0.000000000000000000e+00
1.100000000000000006e-01 0.000000000000000000e+00
1.133333333333333415e-01 0.000000000000000000e+00
1.166666666666666685e-01 0.000000000000000000e+00
1.200000000000000094e-01 0.000000000000000000e+00
1.233333333333333365e-01 0.000000000000000000e+00
1.266666666666666774e-01 0.000000000000000000e+00
1.300000000000000044e-01 0.000000000000000000e+00
1.333333333333333315e-01 0.000000000000000000e+00
1.366666666666666863e-01 0.000000000000000000e+00
1.400000000000000133e-01 0.000000000000000000e+00
1.433333333333333404e-01 0.000000000000000000e+00
1.466666666666666674e-01 0.000000000000000000e+00
1.500000000000000222e-01 0.000000000000000000e+00
1.533333333333333492e-01 0.000000000000000000e+00
1.566666666666666763e-01 0.000000000000000000e+00
1.600000000000000033e-01 0.000000000000000000e+00
1.633333333333333304e-01 0.000000000000000000e+00
1.666666666666666852e-01 0.000000000000000000e+00
1.700000000000000122e-01 0.000000000000000000e+00
1.733333333333333393e-01 0.000000000000000000e+00
1.766666666666666663e-01 0.000000000000000000e+00
1.800000000000000211e-01 0.000000000000000000e+00
1.833333333333333481e-01 0.000000000000000000e+00
1.866666666666666752e-01 0.000000000000000000e+00
1.900000000000000022e-01 0.000000000000000000e+00
1.933333333333333570e-01 0.000000000000000000e+00
1.966666666666666841e-01 0.000000000000000000e+00
2.000000000000000111e-01 0.000000000000000000e+00
2.033333333333333381e-01 0.000000000000000000e+00
2.066666666666666929e-01 0.000000000000000000e+00
2.100000000000000200e-01 0.000000000000000000e+00
2.133333333333333470e-01 0.000000000000000000e+00
2.166666666666666741e-01 0.000000000000000000e+00
2.200000000000000011e-01 0.000000000000000000e+00
2.233333333333333559e-01 0.000000000000000000e+00
2.266666666666666829e-01 0.000000000000000000e+00
2.300000000000000100e-01 0.000000000000000000e+00
2.333333333333333370e-01 0.000000000000000000e+00
2.366666666666666918e-01 0.000000000000000000e+00
2.400000000000000189e-01 0.000000000000000000e+00
2.433333333333333459e-01 0.000000000000000000e+00
2.466666666666666730e-01 0.000000000000000000e+00
2.500000000000000000e-01 0.000000000000000000e+00
2.533333333333333548e-01 0.000000000000000000e+00
2.566666666666667096e-01 0.000000000000000000e+00
2.600000000000000089e-01 0.000000000000000000e+00
2.633333333333333637e-01 0.000000000000000000e+00
2.666666666666666630e-01 0.000000000000000000e+00
2.700000000000000178e-01 0.000000000000000000e+00
2.733333333333333726e-01 0.000000000000000000e+00
2.766666666666666718e-01 0.000000000000000000e+00
2.800000000000000266e-01 0.000000000000000000e+00
2.833333333333333259e-01 0.000000000000000000e+00
2.866666666666666807e-01 0.000000000000000000e+00
2.900000000000000355e-01 0.000000000000000000e+00
2.933333333333333348e-01 0.000000000000000000e+00
2.966666666666666896e-01 0.000000000000000000e+00
3.000000000000000444e-01 0.000000000000000000e+00
3.033333333333333437e-01 0.000000000000000000e+00
3.066666666666666985e-01 0.000000000000000000e+00
3.099999999999999978e-01 0.000000000000000000e+00
3.133333333333333526e-01 0.000000000000000000e+00
3.166666666666667074e-01 0.000000000000000000e+00
3.200000000000000067e-01 0.000000000000000000e+00
3.233333333333333615e-01 0.000000000000000000e+00
3.266666666666666607e-01 0.000000000000000000e+00
3.300000000000000155e-01 0.000000000000000000e+00
3.333333333333333703e-01 0.000000000000000000e+00
3.366666666666666696e-01 0.000000000000000000e+00
3.400000000000000244e-01 0.000000000000000000e+00
3.433333333333333792e-01 0.000000000000000000e+00
3.466666666666666785e-01 0.000000000000000000e+00
3.500000000000000333e-01 0.000000000000000000e+00
3.533333333333333326e-01 0.000000000000000000e+00
3.566666666666666874e-01 0.000000000000000000e+00
3.600000000000000422e-01 0.000000000000000000e+00
3.633333333333333415e-01 0.000000000000000000e+00
3.666666666666666963e-01 0.000000000000000000e+00
3.700000000000000511e-01 0.000000000000000000e+00
3.733333333333333504e-01 0.000000000000000000e+00
3.766666666666667052e-01 0.000000000000000000e+00
3.800000000000000044e-01 0.000000000000000000e+00
3.833333333333333592e-01 0.000000000000000000e+00
3.866666666666667140e-01 0.000000000000000000e+00
3.900000000000000133e-01 0.000000000000000000e+00
3.933333333333333681e-01 0.000000000000000000e+00
3.966666666666666674e-01 0.000000000000000000e+00
4.000000000000000222e-01 0.000000000000000000e+00
4.033333333333333770e-01 0.000000000000000000e+00
4.066666666666666763e-01 0.000000000000000000e+00
4.100000000000000311e-01 0.000000000000000000e+00
4.133333333333333859e-01 0.000000000000000000e+00
4.166666666666666852e-01 0.000000000000000000e+00
4.200000000000000400e-01 0.000000000000000000e+00
4.233333333333333393e-01 0.000000000000000000e+00
4.266666666666666941e-01 0.000000000000000000e+00
4.300000000000000488e-01 0.000000000000000000e+00
4.333333333333333481e-01 0.000000000000000000e+00
4.366666666666667029e-01 0.000000000000000000e+00
4.400000000000000022e-01 0.000000000000000000e+00
4.433333333333333570e-01 0.000000000000000000e+00
4.466666666666667118e-01 0.000000000000000000e+00
4.500000000000000111e-01 0.000000000000000000e+00
4.533333333333333659e-01 0.000000000000000000e+00
4.566666666666667207e-01 0.000000000000000000e+00
4.600000000000000200e-01 0.000000000000000000e+00
4.633333333333333748e-01 0.000000000000000000e+00
4.666666666666666741e-01 0.000000000000000000e+00
4.700000000000000289e-01 0.000000000000000000e+00
4.733333333333333837e-01 0.000000000000000000e+00
4.766666666666666829e-01 0.000000000000000000e+00
4.800000000000000377e-01 0.000000000000000000e+00
4.833333333333333370e-01 0.000000000000000000e+00
4.866666666666666918e-01 0.000000000000000000e+00
4.900000000000000466e-01 0.000000000000000000e+00
4.933333333333333459e-01 0.000000000000000000e+00
4.966666666666667007e-01 0.000000000000000000e+00
5.000000000000000000e-01 0.000000000000000000e+00
5.033333333333334103e-01 0.000000000000000000e+00
5.066666666666667096e-01 0.000000000000000000e+00
5.100000000000000089e-01 0.000000000000000000e+00
5.133333333333334192e-01 0.000000000000000000e+00
5.166666666666667185e-01 0.000000000000000000e+00
5.200000000000000178e-01 0.000000000000000000e+00
5.233333333333333171e-01 0.000000000000000000e+00
5.266666666666667274e-01 0.000000000000000000e+00
5.300000000000000266e-01 0.000000000000000000e+00
5.333333333333333259e-01 0.000000000000000000e+00
5.366666666666667362e-01 0.000000000000000000e+00
5.400000000000000355e-01 0.000000000000000000e+00
5.433333333333333348e-01 0.000000000000000000e+00
5.466666666666667451e-01 0.000000000000000000e+00
5.500000000000000444e-01 0.000000000000000000e+00
5.533333333333333437e-01 0.000000000000000000e+00
5.566666666666667540e-01 0.000000000000000000e+00
5.600000000000000533e-01 0.000000000000000000e+00
5.633333333333333526e-01 0.000000000000000000e+00
5.666666666666666519e-01 0.000000000000000000e+00
5.700000000000000622e-01 0.000000000000000000e+00
5.733333333333333615e-01 0.000000000000000000e+00
5.766666666666666607e-01 0.000000000000000000e+00
5.800000000000000711e-01 0.000000000000000000e+00
5.833333333333333703e-01 0.000000000000000000e+00
5.866666666666666696e-01 0.000000000000000000e+00
5.900000000000000799e-01 0.000000000000000000e+00
5.933333333333333792e-01 0.000000000000000000e+00
5.966666666666666785e-01 0.000000000000000000e+00
6.000000000000000888e-01 0.000000000000000000e+00
6.033333333333333881e-01 0.000000000000000000e+00
6.066666666666666874e-01 0.000000000000000000e+00
6.099999999999999867e-01 0.000000000000000000e+00
6.133333333333333970e-01 0.000000000000000000e+00
6.166666666666666963e-01 0.000000000000000000e+00
6.199999999999999956e-01 0.000000000000000000e+00
6.233333333333334059e-01 0.000000000000000000e+00
6.266666666666667052e-01 0.000000000000000000e+00
6.300000000000000044e-01 1.637225239347001173e-06
6.333333333333334147e-01 3.453070039976465377e-06
6.366666666666667140e-01 5.466687820989537741e-06
6.400000000000000133e-01 7.699103029325455030e-06
6.433333333333334236e-01 1.017337351781141971e-05
6.466666666666667229e-01 1.291476480400511207e-05
6.500000000000000222e-01 1.595093685117144369e-05
6.533333333333333215e-01 1.931214402434408740e-05
6.566666666666667318e-01 2.303144888362836443e-05
6.600000000000000311e-01 2.714495048337395254e-05
6.633333333333333304e-01 3.169202784923520717e-05
6.666666666666667407e-01 3.671559930507757970e-05
6.700000000000000400e-01 4.226239831780119000e-05
6.733333333333333393e-01 4.838326652004084673e-05
6.766666666666667496e-01 5.513346455795960108e-05
6.800000000000000488e-01 6.257300139356142602e-05
6.833333333333333481e-01 7.076698266768284085e-05
6.866666666666667584e-01 7.978597870064928720e-05
6.900000000000000577e-01 8.970641267206805141e-05
6.933333333333333570e-01 1.006109694789368006e-04
6.966666666666666563e-01 1.125890257217481794e-04
7.000000000000000666e-01 1.257371012111403318e-04
7.033333333333333659e-01 1.401593323224709445e-04
7.066666666666666652e-01 1.559679674520811669e-04
7.100000000000000755e-01 1.732838847465938462e-04
7.133333333333333748e-01 1.922371321850052065e-04
7.166666666666666741e-01 2.129674899922729889e-04
7.200000000000000844e-01 2.356250552522822363e-04
7.233333333333333837e-01 2.603708484672659037e-04
7.266666666666666829e-01 2.873774416797649292e-04
7.300000000000000933e-01 3.168296076319133438e-04
7.333333333333333925e-01 3.489249892851526260e-04
7.366666666666666918e-01 3.838747888614100915e-04
7.400000000000001021e-01 4.219044753944026270e-04
7.433333333333334014e-01 4.632545095971869514e-04
7.466666666666667007e-01 5.081810846596263335e-04
7.500000000000000000e-01 5.569568813874038694e-04
7.533333333333334103e-01 6.098718358830197044e-04
7.566666666666667096e-01 6.672339177494033147e-04
7.600000000000000089e-01 7.293699165689903046e-04
7.633333333333334192e-01 7.966262341761222183e-04
7.666666666666667185e-01 8.693696799993036548e-04
7.700000000000000178e-01 9.479882665031796364e-04
7.733333333333334281e-01 1.032892001509220798e-03
7.766666666666667274e-01 1.124513673920240955e-03
7.800000000000000266e-01 1.223309629118420451e-03
7.833333333333334370e-01 1.329760530050936229e-03
7.866666666666667362e-01 1.444372099763245815e-03
7.900000000000000355e-01 1.567675840889271120e-03
7.933333333333333348e-01 1.700229727362013435e-03
7.966666666666667451e-01 1.842618863369503137e-03
8.000000000000000444e-01 1.995456104351494512e-03
8.033333333333333437e-01 2.159382634614105678e-03
8.066666666666667540e-01 2.335068495934982790e-03
8.100000000000000533e-01 2.523213061342801343e-03
8.133333333333333526e-01 2.724545448084418186e-03
8.166666666666667629e-01 2.939824863643226548e-03
8.200000000000000622e-01 3.169840878545626597e-03
8.233333333333333615e-01 3.415413619591599770e-03
8.266666666666667718e-01 3.677393877072536715e-03
8.300000000000000711e-01 3.956663119497267136e-03
8.333333333333333703e-01 4.254133409338028970e-03
8.366666666666666696e-01 4.570747213334235698e-03
8.400000000000000799e-01 4.907477100955725050e-03
8.433333333333333792e-01 5.265325324730614313e-03
8.466666666666666785e-01 5.645323276288239517e-03
8.500000000000000888e-01 6.048530812156555428e-03
8.533333333333333881e-01 6.476035443587497241e-03
8.566666666666666874e-01 6.928951384964782308e-03
8.600000000000000977e-01 7.408418455677351702e-03
8.633333333333333970e-01 7.915600830719413464e-03
8.666666666666666963e-01 8.451685635705221550e-03
8.700000000000001066e-01 9.017881382463779558e-03
8.733333333333334059e-01 9.615416241905712369e-03
8.766666666666667052e-01 1.024553615143101830e-02
8.800000000000000044e-01 1.090950275477179689e-02
8.833333333333334147e-01 1.160859117283731708e-02
8.866666666666667140e-01 1.234408760484810748e-02
8.900000000000000133e-01 1.311728675980963939e-02
8.933333333333334236e-01 1.392948911918218298e-02
8.966666666666667229e-01 1.478199803244841654e-02
9.000000000000000222e-01 1.567611664816205216e-02
9.033333333333334325e-01 1.661314468397454697e-02
9.066666666666667318e-01 1.759437504007953929e-02
9.100000000000000311e-01 1.862109026148146482e-02
9.133333333333334414e-01 1.969455885548078433e-02
9.166666666666667407e-01 2.081603147176840085e-02
9.200000000000000400e-01 2.198673695353078883e-02
9.233333333333333393e-01 2.320787826897887859e-02
9.266666666666667496e-01 2.448062833372161712e-02
9.300000000000000488e-01 2.580612573540365731e-02
9.333333333333333481e-01 2.718547037300793334e-02
9.366666666666667584e-01 2.861971902418213379e-02
9.400000000000000577e-01 3.010988085487590477e-02
9.433333333333333570e-01 3.165691288646555607e-02
9.466666666666667673e-01 3.326171543638861000e-02
9.500000000000000666e-01 3.492512754910400558e-02
9.533333333333333659e-01 3.664792243492848156e-02
9.566666666666667762e-01 3.843080293496826949e-02
9.600000000000000755e-01 4.027439703096137580e-02
9.633333333333333748e-01 4.217925341936251682e-02
9.666666666666666741e-01 4.414583716943413366e-02
9.700000000000000844e-01 4.617452548544682261e-02
9.733333333333333837e-01 4.826560359333618294e-02
9.766666666666666829e-01 5.041926077230387410e-02
9.800000000000000933e-01 5.263558655188665947e-02
9.833333333333333925e-01 5.491456709494148269e-02
9.866666666666666918e-01 5.725608178680728633e-02
9.900000000000001021e-01 5.965990005059926965e-02
9.933333333333334014e-01 6.212567840817032061e-02
9.966666666666667007e-01 6.465295780573265816e-02
1.000000000000000000e+00 6.724116122247400518e-02
1.003333333333333410e+00 6.988959157972350622e-02
1.006666666666666821e+00 7.259742996732741760e-02
1.010000000000000009e+00 7.536373420288390579e-02
1.013333333333333419e+00 7.818743773836459021e-02
1.016666666666666829e+00 8.106734892741863929e-02
1.020000000000000018e+00 8.400215066532341901e-02
1.023333333333333428e+00 8.699040041211372754e-02
1.026666666666666838e+00 9.003053060789910356e-02
1.030000000000000027e+00 9.312084948777375748e-02
1.033333333333333437e+00 9.625954230203997986e-02
1.036666666666666625e+00 9.944467294571839033e-02
1.040000000000000036e+00 1.026741859995093237e-01
1.043333333333333446e+00 1.059459091825152716e-01
1.046666666666666634e+00 1.092575562151405916e-01
1.050000000000000044e+00 1.126067300886656325e-01
1.053333333333333455e+00 1.159909267360556273e-01
1.056666666666666643e+00 1.194075390966270467e-01
1.060000000000000053e+00 1.228538615652613603e-01
1.063333333333333464e+00 1.263270948149453343e-01
1.066666666666666652e+00 1.298243509795369011e-01
1.070000000000000062e+00 1.333426591818192286e-01
1.073333333333333472e+00 1.368789713901257810e-01
1.076666666666666661e+00 1.404301685851052639e-01
1.080000000000000071e+00 1.439930672165592451e-01
1.083333333333333481e+00 1.475644259287421378e-01
1.086666666666666670e+00 1.511409525310632440e-01
1.090000000000000080e+00 1.547193111897967599e-01
1.093333333333333490e+00 1.582961298151843443e-01
1.096666666666666679e+00 1.618680076172256954e-01
1.100000000000000089e+00 1.654315228024925422e-01
1.103333333333333499e+00 1.689832403834874153e-01
1.106666666666666687e+00 1.725197200713977919e-01
1.110000000000000098e+00 1.760375242225791781e-01
1.113333333333333508e+00 1.795332258087375121e-01
1.116666666666666696e+00 1.830034163805795977e-01
1.120000000000000107e+00 1.864447139946529552e-01
1.123333333333333295e+00 1.898537710732161043e-01
1.126666666666666705e+00 1.932272821672554874e-01
1.130000000000000115e+00 1.965619915931994532e-01
1.133333333333333304e+00 1.998547009144730491e-01
1.136666666666666714e+00 2.031022762397770853e-01
1.140000000000000124e+00 2.063016553108686924e-01
1.143333333333333313e+00 2.094498543536490454e-01
1.146666666666666723e+00 2.125439746675324149e-01
1.150000000000000133e+00 2.155812089293653588e-01
1.153333333333333321e+00 2.185588471895764107e-01
1.156666666666666732e+00 2.214742825397585102e-01
1.160000000000000142e+00 2.243250164325129581e-01
1.163333333333333330e+00 2.271086636360892530e-01
1.166666666666666741e+00 2.298229568081528729e-01
1.170000000000000151e+00 2.324657506748628866e-01
1.173333333333333339e+00 2.350350258033599982e-01
1.176666666666666750e+00 2.375288919577171753e-01
1.180000000000000160e+00 2.399455910303931738e-01
1.183333333333333348e+00 2.422834995432338046e-01
1.186666666666666758e+00 2.445411307140786805e-01
1.190000000000000169e+00 2.467171360870326069e-01
1.193333333333333357e+00 2.488103067264547941e-01
1.196666666666666767e+00 2.508195739766733157e-01
1.200000000000000178e+00 2.527440097913490891e-01
1.203333333333333366e+00 2.545828266382855198e-01
1.206666666666666776e+00 2.563353769872764865e-01
1.210000000000000187e+00 2.580011523903268378e-01
1.213333333333333375e+00 2.595797821652222059e-01
1.216666666666666785e+00 2.610710316949983456e-01
1.219999999999999973e+00 2.624748003573181832e-01
1.223333333333333384e+00 2.637911190991323318e-01
1.226666666666666794e+00 2.650201476732532702e-01
1.229999999999999982e+00 2.661621715546110822e-01
1.233333333333333393e+00 2.672175985549800070e-01
1.236666666666666803e+00 2.681869551558649367e-01
1.239999999999999991e+00 2.690708825800120496e-01
1.243333333333333401e+00 2.698701326226534136e-01
1.246666666666666812e+00 2.705855632641238073e-01
1.250000000000000000e+00 2.712181340858781931e-01
1.253333333333333410e+00 2.717689015122107810e-01
1.256666666666666821e+00 2.722390139001277243e-01
1.260000000000000009e+00 2.726297064998466357e-01
1.263333333333333419e+00 2.729422963083094067e-01
1.266666666666666829e+00 2.731781768378895303e-01
1.270000000000000018e+00 2.733388128221634905e-01
1.273333333333333428e+00 2.734257348801981680e-01
1.276666666666666838e+00 2.734405341602954564e-01
1.280000000000000027e+00 2.733848569835278797e-01
1.283333333333333437e+00 2.732603995067118818e-01
1.286666666666666847e+00 2.730689024236968576e-01
1.290000000000000036e+00 2.728121457230127112e-01
1.293333333333333446e+00 2.724919435190135131e-01
1.296666666666666856e+00 2.721101389727068609e-01
1.300000000000000044e+00 2.716685993174473568e-01
1.303333333333333455e+00 2.711692110036338366e-01
1.306666666666666643e+00 2.706138749754755102e-01
1.310000000000000053e+00 2.700045020917856142e-01
1.313333333333333464e+00 2.693430087016547292e-01
1.316666666666666652e+00 2.686313123847164919e-01
1.320000000000000062e+00 2.678713278646005502e-01
1.323333333333333472e+00 2.670649631030315718e-01
1.326666666666666661e+00 2.662141155809259474e-01
1.330000000000000071e+00 2.653206687717317158e-01
1.333333333333333481e+00 2.643864888111884248e-01
1.336666666666666670e+00 2.634134213666244340e-01
1.340000000000000080e+00 2.624032887079035814e-01
1.343333333333333490e+00 2.613578869811439276e-01
1.346666666666666679e+00 2.602789836853981464e-01
1.350000000000000089e+00 2.591683153515874083e-01
1.353333333333333499e+00 2.580275854221349419e-01
1.356666666666666687e+00 2.568584623289482671e-01
1.360000000000000098e+00 2.556625777666534649e-01
1.363333333333333508e+00 2.544415251572945680e-01
1.366666666666666696e+00 2.531968583020763885e-01
1.370000000000000107e+00 2.519300902151465626e-01
1.373333333333333517e+00 2.506426921338918423e-01
1.376666666666666705e+00 2.493360926997560678e-01
1.380000000000000115e+00 2.480116773031753041e-01
1.383333333333333526e+00 2.466707875858706600e-01
1.386666666666666714e+00 2.453147210934394362e-01
1.390000000000000124e+00 2.439447310709338401e-01
1.393333333333333313e+00 2.425620263939229637e-01
1.396666666666666723e+00 2.411677716273844252e-01
1.400000000000000133e+00 2.397630872046725981e-01
1.403333333333333321e+00 2.383490497187561175e-01
1.406666666666666732e+00 2.369266923179050022e-01
1.410000000000000142e+00 2.354970051980379564e-01
1.413333333333333330e+00 2.340609361840035596e-01
1.416666666666666741e+00 2.326193913921728307e-01
1.420000000000000151e+00 2.311732359668533521e-01
1.423333333333333339e+00 2.297232948831958721e-01
1.426666666666666750e+00 2.282703538094564000e-01
1.430000000000000160e+00 2.268151600216851693e-01
1.433333333333333348e+00 2.253584233641522938e-01
1.436666666666666758e+00 2.239008172490668247e-01
1.440000000000000169e+00 2.224429796894176192e-01
1.443333333333333357e+00 2.209855143590378213e-01
1.446666666666666767e+00 2.195289916742927949e-01
1.450000000000000178e+00 2.180739498920840624e-01
1.453333333333333366e+00 2.166208962191665810e-01
1.456666666666666776e+00 2.151703079280853914e-01
1.460000000000000187e+00 2.137226334753470902e-01
1.463333333333333375e+00 2.122782936177460000e-01
1.466666666666666785e+00 2.108376825230770801e-01
1.470000000000000195e+00 2.094011688717660469e-01
1.473333333333333384e+00 2.079690969462455463e-01
1.476666666666666794e+00 2.065417877051991813e-01
1.480000000000000204e+00 2.051195398400742498e-01
1.483333333333333393e+00 2.037026308115438555e-01
1.486666666666666803e+00 2.022913178638592602e-01
1.489999999999999991e+00 2.008858390152905848e-01
1.493333333333333401e+00 1.994864140230960536e-01
1.496666666666666812e+00 1.980932453216930067e-01
1.500000000000000000e+00 1.967065189329223751e-01
1.503333333333333410e+00 1.953264053475071149e-01
1.506666666666666821e+00 1.939530603770006079e-01
1.510000000000000009e+00 1.925866259757013921e-01
1.513333333333333419e+00 1.912272310321838364e-01
1.516666666666666829e+00 1.898749921302498311e-01
1.520000000000000018e+00 1.885300142792527556e-01
1.523333333333333428e+00 1.871923916138771848e-01
1.526666666666666838e+00 1.858622080635825013e-01
1.530000000000000027e+00 1.845395379920215795e-01
1.533333333333333437e+00 1.832244468068538745e-01
1.536666666666666847e+00 1.819169915404514060e-01
1.540000000000000036e+00 1.806172214020788924e-01
1.543333333333333446e+00 1.793251783021975188e-01
1.546666666666666856e+00 1.780408973495963831e-01
1.550000000000000044e+00 1.767644073221098788e-01
1.553333333333333455e+00 1.754957311117199548e-01
1.556666666666666865e+00 1.742348861448720920e-01
1.560000000000000053e+00 1.729818847788668068e-01
1.563333333333333464e+00 1.717367346752027846e-01
1.566666666666666874e+00 1.704994391507655138e-01
1.570000000000000062e+00 1.692699975077595065e-01
1.573333333333333472e+00 1.680484053432874658e-01
1.576666666666666661e+00 1.668346548394799012e-01
1.580000000000000071e+00 1.656287350350650056e-01
1.583333333333333481e+00 1.644306320792678910e-01
1.586666666666666670e+00 1.632403294689086237e-01
1.590000000000000080e+00 1.620578082695551259e-01
1.593333333333333490e+00 1.608830473215653034e-01
1.596666666666666679e+00 1.597160234318374117e-01
1.600000000000000089e+00 1.585552450413141023e-01
1.603333333333333499e+00 1.574023153115869100e-01
1.606666666666666687e+00 1.562571896625491452e-01
1.610000000000000098e+00 1.551198236373447226e-01
1.613333333333333508e+00 1.539901729043763878e-01
1.616666666666666696e+00 1.528681932592598769e-01
1.620000000000000107e+00 1.517538406267247841e-01
1.623333333333333517e+00 1.506470710624633891e-01
1.626666666666666705e+00 1.495478407549271083e-01
1.630000000000000115e+00 1.484561060270736532e-01
1.633333333333333526e+00 1.473718233380628961e-01
1.636666666666666714e+00 1.462949492849053013e-01
1.640000000000000124e+00 1.452254406040612567e-01
1.643333333333333535e+00 1.441632541729935824e-01
1.646666666666666723e+00 1.431083470116733813e-01
1.650000000000000133e+00 1.420606762840407045e-01
1.653333333333333544e+00 1.410201992994195574e-01
1.656666666666666732e+00 1.399868735138893872e-01
1.660000000000000142e+00 1.389606565316133802e-01
1.663333333333333330e+00 1.379415061061236292e-01
1.666666666666666741e+00 1.369293801415647771e-01
1.670000000000000151e+00 1.359242366938965274e-01
1.673333333333333339e+00 1.349260339720561586e-01
1.676666666666666750e+00 1.339347303390804322e-01
1.680000000000000160e+00 1.329502843131891154e-01
1.683333333333333348e+00 1.319726545688310049e-01
1.686666666666666758e+00 1.310017999376902609e-01
1.690000000000000169e+00 1.300376794096579636e-01
1.693333333333333357e+00 1.290802521337664488e-01
1.696666666666666767e+00 1.281294774190874508e-01
1.700000000000000178e+00 1.271853147355965219e-01
1.703333333333333366e+00 1.262477237150022302e-01
1.706666666666666776e+00 1.253166641515415514e-01
1.710000000000000187e+00 1.243920960027428690e-01
1.713333333333333375e+00 1.234739793901557664e-01
1.716666666666666785e+00 1.225622746000489816e-01
1.720000000000000195e+00 1.216569420840775129e-01
1.723333333333333384e+00 1.207579424599183882e-01
1.726666666666666794e+00 1.198652365118763330e-01
1.730000000000000204e+00 1.189787851914602124e-01
1.733333333333333393e+00 1.180985496179301070e-01
1.736666666666666803e+00 1.172244910788154265e-01
1.740000000000000213e+00 1.163565710304058087e-01
1.743333333333333401e+00 1.154947510982141518e-01
1.746666666666666812e+00 1.146389930774123489e-01
1.750000000000000222e+00 1.137892589332412940e-01
1.753333333333333410e+00 1.129455108013942000e-01
1.756666666666666821e+00 1.121077109883750478e-01
1.760000000000000009e+00 1.112758219718316399e-01
1.763333333333333419e+00 1.104498064008645197e-01
1.766666666666666829e+00 1.096296270963115216e-01
1.770000000000000018e+00 1.088152470510091313e-01
1.773333333333333428e+00 1.080066294300303653e-01
1.776666666666666838e+00 1.072037375709004314e-01
1.780000000000000027e+00 1.064065349837898522e-01
1.783333333333333437e+00 1.056149853516860221e-01
1.786666666666666847e+00 1.048290525305434345e-01
1.790000000000000036e+00 1.040487005494127454e-01
1.793333333333333446e+00 1.032738936105499911e-01
1.796666666666666856e+00 1.025045960895047681e-01
1.800000000000000044e+00 1.017407725351898440e-01
1.803333333333333455e+00 1.009823876699305761e-01
1.806666666666666865e+00 1.002294063894959425e-01
1.810000000000000053e+00 9.948179376311098998e-02
1.813333333333333464e+00 9.873951503345136660e-02
1.816666666666666874e+00 9.800253561661945167e-02
1.820000000000000062e+00 9.727082110210404087e-02
1.823333333333333472e+00 9.654433725272240641e-02
1.826666666666666883e+00 9.582305000454593991e-02
1.830000000000000071e+00 9.510692546680930837e-02
1.833333333333333481e+00 9.439592992180401154e-02
1.836666666666666892e+00 9.369002982475606311e-02
1.840000000000000080e+00 9.298919180368842019e-02
1.843333333333333490e+00 9.229338265926874396e-02
1.846666666666666679e+00 9.160256936464188093e-02
1.850000000000000089e+00 9.091671906524913249e-02
1.853333333333333499e+00 9.023579907863230054e-02
1.856666666666666687e+00 8.955977689422511823e-02
1.860000000000000098e+00 8.888862017313062247e-02
1.863333333333333508e+00 8.822229674788580056e-02
1.866666666666666696e+00 8.756077462221337204e-02
1.870000000000000107e+00 8.690402197076096957e-02
1.873333333333333517e+00 8.625200713882842651e-02
1.876666666666666705e+00 8.560469864208283819e-02
1.880000000000000115e+00 8.496206516626207683e-02
1.883333333333333526e+00 8.432407556686702388e-02
1.886666666666666714e+00 8.369069886884257514e-02
1.890000000000000124e+00 8.306190426624791845e-02
1.893333333333333535e+00 8.243766112191619477e-02
1.896666666666666723e+00 8.181793896710373715e-02
1.900000000000000133e+00 8.120270750112930369e-02
1.903333333333333544e+00 8.059193659100359619e-02
1.906666666666666732e+00 7.998559627104900871e-02
1.910000000000000142e+00 7.938365674250998094e-02
1.913333333333333552e+00 7.878608837315459468e-02
1.916666666666666741e+00 7.819286169686681665e-02
1.920000000000000151e+00 7.760394741323038692e-02
1.923333333333333561e+00 7.701931638710407535e-02
1.926666666666666750e+00 7.643893964818904152e-02
1.930000000000000160e+00 7.586278839058777090e-02
1.933333333333333348e+00 7.529083397235547537e-02
1.936666666666666758e+00 7.472304791504372212e-02
1.940000000000000169e+00 7.415940190323708214e-02
1.943333333333333357e+00 7.359986778408204866e-02
1.946666666666666767e+00 7.304441756680939146e-02
1.950000000000000178e+00 7.249302342224939188e-02
1.953333333333333366e+00 7.194565768234102709e-02
1.956666666666666776e+00 7.140229283963386853e-02
1.960000000000000187e+00 7.086290154678465125e-02
1.963333333333333375e+00 7.032745661604729304e-02
1.966666666666666785e+00 6.979593101875707084e-02
1.970000000000000195e+00 6.926829788480921846e-02
1.973333333333333384e+00 6.874453050213212568e-02
1.976666666666666794e+00 6.822460231615481985e-02
1.980000000000000204e+00 6.770848692926960399e-02
1.983333333333333393e+00 6.719615810028943537e-02
1.986666666666666803e+00 6.668758974390075200e-02
1.990000000000000213e+00 6.618275593011113678e-02
1.993333333333333401e+00 6.568163088369288749e-02
1.996666666666666812e+00 6.518418898362185465e-02
2.000000000000000000e+00 6.469040476251219918e-02
2.003333333333333410e+00 6.420025290604705615e-02
2.006666666666666821e+00 6.371370825240509073e-02
2.010000000000000231e+00 6.323074579168340426e-02
2.013333333333333641e+00 6.275134066531672106e-02
2.016666666666666607e+00 6.227546816549287684e-02
2.020000000000000018e+00 6.180310373456519152e-02
2.023333333333333428e+00 6.133422296446126853e-02
2.026666666666666838e+00 6.086880159608881041e-02
2.030000000000000249e+00 6.040681551873840205e-02
2.033333333333333659e+00 5.994824076948339353e-02
2.036666666666666625e+00 5.949305353257690332e-02
2.040000000000000036e+00 5.904123013884628179e-02
2.043333333333333446e+00 5.859274706508509761e-02
2.046666666666666856e+00 5.814758093344247342e-02
2.050000000000000266e+00 5.770570851081030517e-02
2.053333333333333677e+00 5.726710670820833737e-02
2.056666666666666643e+00 5.683175258016676112e-02
2.060000000000000053e+00 5.639962332410743823e-02
2.063333333333333464e+00 5.597069627972276612e-02
2.066666666666666874e+00 5.554494892835282888e-02
2.070000000000000284e+00 5.512235889236119513e-02
2.073333333333333250e+00 5.470290393450878003e-02
2.076666666666666661e+00 5.428656195732638884e-02
2.080000000000000071e+00 5.387331100248588661e-02
2.083333333333333481e+00 5.346312925017004253e-02
2.086666666666666892e+00 5.305599501844127097e-02
2.090000000000000302e+00 5.265188676260914441e-02
2.093333333333333268e+00 5.225078307459688626e-02
2.096666666666666679e+00 5.185266268230712822e-02
2.100000000000000089e+00 5.145750444898657128e-02
2.103333333333333499e+00 5.106528737259007078e-02
2.106666666666666909e+00 5.067599058514395127e-02
2.110000000000000320e+00 5.028959335210871073e-02
2.113333333333333286e+00 4.990607507174128765e-02
2.116666666666666696e+00 4.952541527445689096e-02
2.120000000000000107e+00 4.914759362219014299e-02
2.123333333333333517e+00 4.877258990775659719e-02
2.126666666666666927e+00 4.840038405421323575e-02
2.130000000000000338e+00 4.803095611421943911e-02
2.133333333333333304e+00 4.766428626939751834e-02
2.136666666666666714e+00 4.730035482969335153e-02
2.140000000000000124e+00 4.693914223273725622e-02
2.143333333333333535e+00 4.658062904320438985e-02
2.146666666666666945e+00 4.622479595217619114e-02
2.150000000000000355e+00 4.587162377650125245e-02
2.153333333333333321e+00 4.552109345815699010e-02
2.156666666666666732e+00 4.517318606361156452e-02
2.160000000000000142e+00 4.482788278318603631e-02
2.163333333333333552e+00 4.448516493041729941e-02
2.166666666666666963e+00 4.414501394142136131e-02
2.169999999999999929e+00 4.380741137425718523e-02
2.173333333333333339e+00 4.347233890829127478e-02
2.176666666666666750e+00 4.313977834356299418e-02
2.180000000000000160e+00 4.280971160015045740e-02
2.183333333333333570e+00 4.248212071753731250e-02
2.186666666666666980e+00 4.215698785398047654e-02
2.189999999999999947e+00 4.183429528587853663e-02
2.193333333333333357e+00 4.151402540714126815e-02
2.196666666666666767e+00 4.119616072856008976e-02
2.200000000000000178e+00 4.088068387717955915e-02
2.203333333333333588e+00 4.056757759566984728e-02
2.206666666666666998e+00 4.025682474170041297e-02
2.209999999999999964e+00 3.994840828731497512e-02
2.213333333333333375e+00 3.964231131830731752e-02
2.216666666666666785e+00 3.933851703359868973e-02
2.220000000000000195e+00 3.903700874461628334e-02
2.223333333333333606e+00 3.873776987467308919e-02
2.226666666666667016e+00 3.844078395834917006e-02
2.229999999999999982e+00 3.814603464087404361e-02
2.233333333333333393e+00 3.785350567751093187e-02
2.236666666666666803e+00 3.756318093294210014e-02
2.240000000000000213e+00 3.727504438065575715e-02
2.243333333333333623e+00 3.698908010233464827e-02
2.246666666666666590e+00 3.670527228724599494e-02
2.250000000000000000e+00 3.642360523163314795e-02
2.253333333333333410e+00 3.614406333810877420e-02
2.256666666666666821e+00 3.586663111504975743e-02
2.260000000000000231e+00 3.559129317599369485e-02
2.263333333333333641e+00 3.531803423903716321e-02
2.266666666666666607e+00 3.504683912623565017e-02
2.270000000000000018e+00 3.477769276300528983e-02
2.273333333333333428e+00 3.451058017752639540e-02
2.276666666666666838e+00 3.424548650014862944e-02
2.280000000000000249e+00 3.398239696279824890e-02
2.283333333333333659e+00 3.372129689838697375e-02
2.286666666666666625e+00 3.346217174022289575e-02
2.290000000000000036e+00 3.320500702142316352e-02
2.293333333333333446e+00 3.294978837432869373e-02
2.296666666666666856e+00 3.269650152992064490e-02
2.300000000000000266e+00 3.244513231723908375e-02
2.303333333333333677e+00 3.219566666280340023e-02
2.306666666666666643e+00 3.194809059003488050e-02
2.310000000000000053e+00 3.170239021868116736e-02
2.313333333333333464e+00 3.145855176424289940e-02
2.316666666666666874e+00 3.121656153740222372e-02
2.320000000000000284e+00 3.097640594345349094e-02
2.323333333333333695e+00 3.073807148173602136e-02
2.326666666666666661e+00 3.050154474506889049e-02
2.330000000000000071e+00 3.026681241918793841e-02
2.333333333333333481e+00 3.003386128218476711e-02
2.336666666666666892e+00 2.980267820394801384e-02
2.340000000000000302e+00 2.957325014560666446e-02
2.343333333333333268e+00 2.934556415897561152e-02
2.346666666666666679e+00 2.911960738600332874e-02
2.350000000000000089e+00 2.889536705822178669e-02
2.353333333333333499e+00 2.867283049619849533e-02
2.356666666666666909e+00 2.845198510899083627e-02
2.360000000000000320e+00 2.823281839360259129e-02
2.363333333333333286e+00 2.801531793444263230e-02
2.366666666666666696e+00 2.779947140278598780e-02
2.370000000000000107e+00 2.758526655623702931e-02
2.373333333333333517e+00 2.737269123819498912e-02
2.376666666666666927e+00 2.716173337732170207e-02
2.380000000000000338e+00 2.695238098701167873e-02
2.383333333333333304e+00 2.674462216486437824e-02
2.386666666666666714e+00 2.653844509215886813e-02
2.390000000000000124e+00 2.633383803333066292e-02
2.393333333333333535e+00 2.613078933545101568e-02
2.396666666666666945e+00 2.592928742770832934e-02
2.400000000000000355e+00 2.572932082089206610e-02
2.403333333333333321e+00 2.553087810687884249e-02
2.406666666666666732e+00 2.533394795812092190e-02
2.410000000000000142e+00 2.513851912713702466e-02
2.413333333333333552e+00 2.494458044600537591e-02
2.416666666666666963e+00 2.475212082585926884e-02
2.420000000000000373e+00 2.456112925638481367e-02
2.423333333333333339e+00 2.437159480532110137e-02
2.426666666666666750e+00 2.418350661796265025e-02
2.430000000000000160e+00 2.399685391666436102e-02
2.433333333333333570e+00 2.381162600034852916e-02
2.436666666666666980e+00 2.362781224401458782e-02
2.439999999999999947e+00 2.344540209825083862e-02
2.443333333333333357e+00 2.326438508874878464e-02
2.446666666666666767e+00 2.308475081581976007e-02
2.450000000000000178e+00 2.290648895391381515e-02
2.453333333333333588e+00 2.272958925114115097e-02
2.456666666666666998e+00 2.255404152879569857e-02
2.459999999999999964e+00 2.237983568088122363e-02
2.463333333333333375e+00 2.220696167363976972e-02
2.466666666666666785e+00 2.203540954508228372e-02
2.470000000000000195e+00 2.186516940452189889e-02
2.473333333333333606e+00 2.169623143210929958e-02
2.476666666666667016e+00 2.152858587837061521e-02
2.479999999999999982e+00 2.136222306374756935e-02
2.483333333333333393e+00 2.119713337814005394e-02
2.486666666666666803e+00 2.103330728045098644e-02
2.490000000000000213e+00 2.087073529813361639e-02
2.493333333333333623e+00 2.070940802674103506e-02
2.496666666666667034e+00 2.054931612947818662e-02
2.500000000000000000e+00 2.039045033675612392e-02
2.503333333333333410e+00 2.023280144574857511e-02
2.506666666666666821e+00 2.007636031995102543e-02
2.510000000000000231e+00 1.992111788874186690e-02
2.513333333333333641e+00 1.976706514694611533e-02
2.516666666666666607e+00 1.961419315440134439e-02
2.520000000000000018e+00 1.946249303552593721e-02
2.523333333333333428e+00 1.931195597888967982e-02
2.526666666666666838e+00 1.916257323678673477e-02
2.530000000000000249e+00 1.901433612481078297e-02
2.533333333333333659e+00 1.886723602143261860e-02
2.536666666666666625e+00 1.872126436757992271e-02
2.540000000000000036e+00 1.857641266621946896e-02
2.543333333333333446e+00 1.843267248194149777e-02
2.546666666666666856e+00 1.829003544054648434e-02
2.550000000000000266e+00 1.814849322863408554e-02
2.553333333333333677e+00 1.800803759319448069e-02
2.556666666666666643e+00 1.786866034120188074e-02
2.560000000000000053e+00 1.773035333921040013e-02
2.563333333333333464e+00 1.759310851295211447e-02
2.566666666666666874e+00 1.745691784693744267e-02
2.570000000000000284e+00 1.732177338405770442e-02
2.573333333333333695e+00 1.718766722519001616e-02
2.576666666666666661e+00 1.705459152880434495e-02
2.580000000000000071e+00 1.692253851057284875e-02
2.583333333333333481e+00 1.679150044298143712e-02
2.586666666666666892e+00 1.666146965494350388e-02
2.590000000000000302e+00 1.653243853141600495e-02
2.593333333333333712e+00 1.640439951301755211e-02
2.596666666666666679e+00 1.627734509564887980e-02
2.600000000000000089e+00 1.615126783011543513e-02
2.603333333333333499e+00 1.602616032175218502e-02
2.606666666666666909e+00 1.590201523005052228e-02
2.610000000000000320e+00 1.577882526828749618e-02
2.613333333333333286e+00 1.565658320315706578e-02
2.616666666666666696e+00 1.553528185440363092e-02
2.620000000000000107e+00 1.541491409445759110e-02
2.623333333333333517e+00 1.529547284807322195e-02
2.626666666666666927e+00 1.517695109196852236e-02
2.630000000000000338e+00 1.505934185446730113e-02
2.633333333333333304e+00 1.494263821514334699e-02
2.636666666666666714e+00 1.482683330446673414e-02
2.640000000000000124e+00 1.471192030345222154e-02
2.643333333333333535e+00 1.459789244330976683e-02
2.646666666666666945e+00 1.448474300509712889e-02
2.650000000000000355e+00 1.437246531937458327e-02
2.653333333333333321e+00 1.426105276586166724e-02
2.656666666666666732e+00 1.415049877309603431e-02
2.660000000000000142e+00 1.404079681809438859e-02
2.663333333333333552e+00 1.393194042601541768e-02
2.666666666666666963e+00 1.382392316982479670e-02
2.670000000000000373e+00 1.371673866996230527e-02
2.673333333333333339e+00 1.361038059401084056e-02
2.676666666666666750e+00 1.350484265636758309e-02
2.680000000000000160e+00 1.340011861791707594e-02
2.683333333333333570e+00 1.329620228570640821e-02
2.686666666666666980e+00 1.319308751262231356e-02
2.690000000000000391e+00 1.309076819707028112e-02
2.693333333333333357e+00 1.298923828265570977e-02
2.696666666666666767e+00 1.288849175786695687e-02
2.700000000000000178e+00 1.278852265576038531e-02
2.703333333333333588e+00 1.268932505364739165e-02
2.706666666666666998e+00 1.259089307278333202e-02
2.709999999999999964e+00 1.249322087805842911e-02
2.713333333333333375e+00 1.239630267769061336e-02
2.716666666666666785e+00 1.230013272292025325e-02
2.720000000000000195e+00 1.220470530770684583e-02
2.723333333333333606e+00 1.211001476842755997e-02
2.726666666666667016e+00 1.201605548357773633e-02
2.729999999999999982e+00 1.192282187347324870e-02
2.733333333333333393e+00 1.183030839995472677e-02
2.736666666666666803e+00 1.173850956609368001e-02
2.740000000000000213e+00 1.164741991590049867e-02
2.743333333333333623e+00 1.155703403403426227e-02
2.746666666666667034e+00 1.146734654551442682e-02
2.750000000000000000e+00 1.137835211543436129e-02
2.753333333333333410e+00 1.129004544867667076e-02
2.756666666666666821e+00 1.120242128963039145e-02
2.760000000000000231e+00 1.111547442190995334e-02
2.763333333333333641e+00 1.102919966807597817e-02
2.766666666666667052e+00 1.094359188935785723e-02
2.770000000000000018e+00 1.085864598537810213e-02
2.773333333333333428e+00 1.077435689387851517e-02
2.776666666666666838e+00 1.069071959044806848e-02
2.780000000000000249e+00 1.060772908825259597e-02
2.783333333333333659e+00 1.052538043776622342e-02
2.786666666666666625e+00 1.044366872650449862e-02
2.790000000000000036e+00 1.036258907875933430e-02
2.793333333333333446e+00 1.028213665533559036e-02
2.796666666666666856e+00 1.020230665328942729e-02
2.800000000000000266e+00 1.012309430566837344e-02
2.803333333333333677e+00 1.004449488125303859e-02
2.806666666666666643e+00 9.966503684300567420e-03
2.810000000000000053e+00 9.889116054289751392e-03
2.813333333333333464e+00 9.812327365667830245e-03
2.816666666666666874e+00 9.736133027598913720e-03
2.820000000000000284e+00 9.660528483714146686e-03
2.823333333333333695e+00 9.585509211863400825e-03
2.826666666666666661e+00 9.511070723868713175e-03
2.830000000000000071e+00 9.437208565279301548e-03
2.833333333333333481e+00 9.363918315128196695e-03
2.836666666666666892e+00 9.291195585690506867e-03
2.840000000000000302e+00 9.219036022243293910e-03
2.843333333333333712e+00 9.147435302826996753e-03
2.846666666666666679e+00 9.076389138008501140e-03
2.850000000000000089e+00 9.005893270645744589e-03
2.853333333333333499e+00 8.935943475653927714e-03
2.856666666666666909e+00 8.866535559773231281e-03
2.860000000000000320e+00 8.797665361338150025e-03
2.863333333333333730e+00 8.729328750048318333e-03
2.866666666666666696e+00 8.661521626740914526e-03
2.870000000000000107e+00 8.594239923164543118e-03
2.873333333333333517e+00 8.527479601754695687e-03
2.876666666666666927e+00 8.461236655410660223e-03
2.880000000000000338e+00 8.395507107273970926e-03
2.883333333333333304e+00 8.330287010508358528e-03
2.886666666666666714e+00 8.265572448081131771e-03
2.890000000000000124e+00 8.201359532546111455e-03
2.893333333333333535e+00 8.137644405827967886e-03
2.896666666666666945e+00 8.074423239008058847e-03
2.900000000000000355e+00 8.011692232111690057e-03
2.903333333333333321e+00 7.949447613896853601e-03
2.906666666666666732e+00 7.887685641644359355e-03
2.910000000000000142e+00 7.826402600949432242e-03
2.913333333333333552e+00 7.765594805514714621e-03
2.916666666666666963e+00 7.705258596944654717e-03
2.920000000000000373e+00 7.645390344541340942e-03
2.923333333333333339e+00 7.585986445101710988e-03
2.926666666666666750e+00 7.527043322716120075e-03
2.930000000000000160e+00 7.468557428568349879e-03
2.933333333333333570e+00 7.410525240736913315e-03
2.936666666666666980e+00 7.352943263997789580e-03
2.940000000000000391e+00 7.295808029628466328e-03
2.943333333333333357e+00 7.239116095213353995e-03
2.946666666666666767e+00 7.182864044450511590e-03
2.950000000000000178e+00 7.127048486959753314e-03
2.953333333333333588e+00 7.071666058092018065e-03
2.956666666666666998e+00 7.016713418740085952e-03
2.960000000000000409e+00 6.962187255150596721e-03
2.963333333333333375e+00 6.908084278737386570e-03
2.966666666666666785e+00 6.854401225896056618e-03
2.970000000000000195e+00 6.801134857819910069e-03
2.973333333333333606e+00 6.748281960317088074e-03
2.976666666666667016e+00 6.695839343629015304e-03
2.979999999999999982e+00 6.643803842250113612e-03
2.983333333333333393e+00 6.592172314748722187e-03
2.986666666666666803e+00 6.540941643589311821e-03
2.990000000000000213e+00 6.490108734955914345e-03
2.993333333333333623e+00 6.439670518576792388e-03
2.996666666666667034e+00 6.389623947550301768e-03
3.000000000000000000e+00 6.339965998172031499e-03
3.003333333333333410e+00 6.290693669763064433e-03
3.006666666666666821e+00 6.241803984499533740e-03
3.010000000000000231e+00 6.193293987243293081e-03
3.013333333333333641e+00 6.145160745373817561e-03
3.016666666666667052e+00 6.097401348621264358e-03
3.020000000000000018e+00 6.050012908900713818e-03
3.023333333333333428e+00 6.002992560147573688e-03
3.026666666666666838e+00 5.956337458154121328e-03
3.030000000000000249e+00 5.910044780407228138e-03
3.033333333333333659e+00 5.864111725927198537e-03
3.036666666666667069e+00 5.818535515107759078e-03
3.040000000000000036e+00 5.773313389557161238e-03
3.043333333333333446e+00 5.728442611940423070e-03
3.046666666666666856e+00 5.683920465822671526e-03
3.050000000000000266e+00 5.639744255513592409e-03
3.053333333333333677e+00 5.595911305912987070e-03
3.056666666666666643e+00 5.552418962357415048e-03
3.060000000000000053e+00 5.509264590467931322e-03
3.063333333333333464e+00 5.466445575998887807e-03
3.066666666666666874e+00 5.423959324687819064e-03
3.070000000000000284e+00 5.381803262106395723e-03
3.073333333333333695e+00 5.339974833512417876e-03
3.076666666666666661e+00 5.298471503702890072e-03
3.080000000000000071e+00 5.257290756868107651e-03
3.083333333333333481e+00 5.216430096446803867e-03
3.086666666666666892e+00 5.175887044982332638e-03
3.090000000000000302e+00 5.135659143979853965e-03
3.093333333333333712e+00 5.095743953764550645e-03
3.096666666666666679e+00 5.056139053340865872e-03
3.100000000000000089e+00 5.016842040252729625e-03
3.103333333333333499e+00 4.977850530444794669e-03
3.106666666666666909e+00 4.939162158124655276e-03
3.110000000000000320e+00 4.900774575626066880e-03
3.113333333333333730e+00 4.862685453273132841e-03
3.116666666666666696e+00 4.824892479245460053e-03
3.120000000000000107e+00 4.787393359444303345e-03
3.123333333333333517e+00 4.750185817359645762e-03
3.126666666666666927e+00 4.713267593938249428e-03
3.130000000000000338e+00 4.676636447452639685e-03
3.133333333333333748e+00 4.640290153371052009e-03
3.136666666666666714e+00 4.604226504228289656e-03
3.140000000000000124e+00 4.568443309497534528e-03
3.143333333333333535e+00 4.532938395463061848e-03
3.146666666666666945e+00 4.497709605093888965e-03
3.150000000000000355e+00 4.462754797918311485e-03
3.153333333333333321e+00 4.428071849899376140e-03
3.156666666666666732e+00 4.393658653311231441e-03
3.160000000000000142e+00 4.359513116616370830e-03
3.163333333333333552e+00 4.325633164343767496e-03
3.166666666666666963e+00 4.292016736967905165e-03
3.170000000000000373e+00 4.258661790788662374e-03
3.173333333333333339e+00 4.225566297812068453e-03
3.176666666666666750e+00 4.192728245631940735e-03
3.180000000000000160e+00 4.160145637312367452e-03
3.183333333333333570e+00 4.127816491271039771e-03
3.186666666666666980e+00 4.095738841163435590e-03
3.190000000000000391e+00 4.063910735767849863e-03
3.193333333333333357e+00 4.032330238871254142e-03
3.196666666666666767e+00 4.000995429155974024e-03
3.200000000000000178e+00 3.969904400087218357e-03
3.203333333333333588e+00 3.939055259801404682e-03
3.206666666666666998e+00 3.908446130995309534e-03
3.210000000000000409e+00 3.878075150816008912e-03
3.213333333333333375e+00 3.847940470751646646e-03
3.216666666666666785e+00 3.818040256522983386e-03
3.220000000000000195e+00 3.788372687975735762e-03
3.223333333333333606e+00 3.758935958973706574e-03
3.226666666666667016e+00 3.729728277292702118e-03
3.230000000000000426e+00 3.700747864515203239e-03
3.233333333333333393e+00 3.671992955925834374e-03
3.236666666666666803e+00 3.643461800407572868e-03
3.240000000000000213e+00 3.615152660338739801e-03
3.243333333333333623e+00 3.587063811490720684e-03
3.246666666666667034e+00 3.559193542926458124e-03
3.250000000000000000e+00 3.531540156899677825e-03
3.253333333333333410e+00 3.504101968754846658e-03
3.256666666666666821e+00 3.476877306827890098e-03
3.260000000000000231e+00 3.449864512347599211e-03
3.263333333333333641e+00 3.423061939337806135e-03
3.266666666666667052e+00 3.396467954520235658e-03
3.270000000000000018e+00 3.370080937218107066e-03
3.273333333333333428e+00 3.343899279260424684e-03
3.276666666666666838e+00 3.317921384886966200e-03
3.280000000000000249e+00 3.292145670654001745e-03
3.283333333333333659e+00 3.266570565340668267e-03
3.286666666666667069e+00 3.241194509856067715e-03
3.290000000000000036e+00 3.216015957147017480e-03
3.293333333333333446e+00 3.191033372106514675e-03
3.296666666666666856e+00 3.166245231482852241e-03
3.300000000000000266e+00 3.141650023789414620e-03
3.303333333333333677e+00 3.117246249215131770e-03
3.306666666666667087e+00 3.093032419535613614e-03
3.310000000000000053e+00 3.069007058024920270e-03
3.313333333333333464e+00 3.045168699367989742e-03
3.316666666666666874e+00 3.021515889573729140e-03
3.320000000000000284e+00 2.998047185888719993e-03
3.323333333333333695e+00 2.974761156711596636e-03
3.326666666666666661e+00 2.951656381508031314e-03
3.330000000000000071e+00 2.928731450726354633e-03
3.333333333333333481e+00 2.905984965713820020e-03
3.336666666666666892e+00 2.883415538633461034e-03
3.340000000000000302e+00 2.861021792381590514e-03
3.343333333333333712e+00 2.838802360505893879e-03
3.346666666666666679e+00 2.816755887124140420e-03
3.350000000000000089e+00 2.794881026843496537e-03
3.353333333333333499e+00 2.773176444680437898e-03
3.356666666666666909e+00 2.751640815981252260e-03
3.360000000000000320e+00 2.730272826343146421e-03
3.363333333333333730e+00 2.709071171535924749e-03
3.366666666666666696e+00 2.688034557424258831e-03
3.370000000000000107e+00 2.667161699890534775e-03
3.373333333333333517e+00 2.646451324758281216e-03
3.376666666666666927e+00 2.625902167716148965e-03
3.380000000000000338e+00 2.605512974242480025e-03
3.383333333333333748e+00 2.585282499530424782e-03
3.386666666666666714e+00 2.565209508413626455e-03
3.390000000000000124e+00 2.545292775292444173e-03
3.393333333333333535e+00 2.525531084060754147e-03
3.396666666666666945e+00 2.505923228033264324e-03
3.400000000000000355e+00 2.486468009873404536e-03
3.403333333333333766e+00 2.467164241521728387e-03
3.406666666666666732e+00 2.448010744124869825e-03
3.410000000000000142e+00 2.429006347965013621e-03
3.413333333333333552e+00 2.410149892389917923e-03
3.416666666666666963e+00 2.391440225743429477e-03
3.420000000000000373e+00 2.372876205296542244e-03
3.423333333333333339e+00 2.354456697178968633e-03
3.426666666666666750e+00 2.336180576311212061e-03
3.430000000000000160e+00 2.318046726337160812e-03
3.433333333333333570e+00 2.300054039557181476e-03
3.436666666666666980e+00 2.282201416861713746e-03
3.440000000000000391e+00 2.264487767665368696e-03
3.443333333333333357e+00 2.246912009841511501e-03
3.446666666666666767e+00 2.229473069657344174e-03
3.450000000000000178e+00 2.212169881709475337e-03
3.453333333333333588e+00 2.195001388859966172e-03
3.456666666666666998e+00 2.177966542172865561e-03
3.460000000000000409e+00 2.161064300851215335e-03
3.463333333333333375e+00 2.144293632174537785e-03
3.466666666666666785e+00 2.127653511436782430e-03
3.470000000000000195e+00 2.111142921884745505e-03
3.473333333333333606e+00 2.094760854656957383e-03
3.476666666666667016e+00 2.078506308723017133e-03
3.480000000000000426e+00 2.062378290823398477e-03
3.483333333333333393e+00 2.046375815409699414e-03
3.486666666666666803e+00 2.030497904585345896e-03
3.490000000000000213e+00 2.014743588046737002e-03
3.493333333333333623e+00 1.999111903024848071e-03
3.496666666666667034e+00 1.983601894227250174e-03
3.500000000000000444e+00 1.968212613780595359e-03
3.503333333333333410e+00 1.952943121173512800e-03
3.506666666666666821e+00 1.937792483199945797e-03
3.510000000000000231e+00 1.922759773902918759e-03
3.513333333333333641e+00 1.907844074518721825e-03
3.516666666666667052e+00 1.893044473421522881e-03
3.520000000000000018e+00 1.878360066068395905e-03
3.523333333333333428e+00 1.863789954944764351e-03
3.526666666666666838e+00 1.849333249510257604e-03
3.530000000000000249e+00 1.834989066144976410e-03
3.533333333333333659e+00 1.820756528096165953e-03
3.536666666666667069e+00 1.806634765425294865e-03
3.540000000000000036e+00 1.792622914955522596e-03
3.543333333333333446e+00 1.778720120219582897e-03
3.546666666666666856e+00 1.764925531408046777e-03
3.550000000000000266e+00 1.751238305317987486e-03
3.553333333333333677e+00 1.737657605302026691e-03
3.556666666666667087e+00 1.724182601217770332e-03
3.560000000000000053e+00 1.710812469377630436e-03
3.563333333333333464e+00 1.697546392499020996e-03
3.566666666666666874e+00 1.684383559654936994e-03
3.570000000000000284e+00 1.671323166224908353e-03
3.573333333333333695e+00 1.658364413846321640e-03
3.576666666666667105e+00 1.645506510366114743e-03
3.580000000000000071e+00 1.632748669792838218e-03
3.583333333333333481e+00 1.620090112249076815e-03
3.586666666666666892e+00 1.607530063924243312e-03
3.590000000000000302e+00 1.595067757027711494e-03
3.593333333333333712e+00 1.582702429742327945e-03
3.596666666666666679e+00 1.570433326178259734e-03
3.600000000000000089e+00 1.558259696327203569e-03
3.603333333333333499e+00 1.546180796016935390e-03
3.606666666666666909e+00 1.534195886866212763e-03
3.610000000000000320e+00 1.522304236240016196e-03
3.613333333333333730e+00 1.510505117205129593e-03
3.616666666666666696e+00 1.498797808486067654e-03
3.620000000000000107e+00 1.487181594421322891e-03
3.623333333333333517e+00 1.475655764919967840e-03
3.626666666666666927e+00 1.464219615418562359e-03
3.630000000000000338e+00 1.452872446838413944e-03
3.633333333333333748e+00 1.441613565543143792e-03
3.636666666666666714e+00 1.430442283296589831e-03
3.640000000000000124e+00 1.419357917221023306e-03
3.643333333333333535e+00 1.408359789755688450e-03
3.646666666666666945e+00 1.397447228615652680e-03
3.650000000000000355e+00 1.386619566750977488e-03
3.653333333333333766e+00 1.375876142306197911e-03
3.656666666666666732e+00 1.365216298580111199e-03
3.660000000000000142e+00 1.354639383985867555e-03
3.663333333333333552e+00 1.344144752011378324e-03
3.666666666666666963e+00 1.333731761180014528e-03
3.670000000000000373e+00 1.323399775011607467e-03
3.673333333333333783e+00 1.313148161983756146e-03
3.676666666666666750e+00 1.302976295493417456e-03
3.680000000000000160e+00 1.292883553818802329e-03
3.683333333333333570e+00 1.282869320081550957e-03
3.686666666666666980e+00 1.272932982209209855e-03
3.690000000000000391e+00 1.263073932897986482e-03
3.693333333333333357e+00 1.253291569575792040e-03
3.696666666666666767e+00 1.243585294365566604e-03
3.700000000000000178e+00 1.233954514048889390e-03
3.703333333333333588e+00 1.224398640029857478e-03
3.706666666666666998e+00 1.214917088299251411e-03
3.710000000000000409e+00 1.205509279398970547e-03
3.713333333333333375e+00 1.196174638386739457e-03
3.716666666666666785e+00 1.186912594801087543e-03
3.720000000000000195e+00 1.177722582626597545e-03
3.723333333333333606e+00 1.168604040259413378e-03
3.726666666666667016e+00 1.159556410473025099e-03
3.730000000000000426e+00 1.150579140384303022e-03
3.733333333333333393e+00 1.141671681419799411e-03
3.736666666666666803e+00 1.132833489282309954e-03
3.740000000000000213e+00 1.124064023917684813e-03
3.743333333333333623e+00 1.115362749481900754e-03
3.746666666666667034e+00 1.106729134308384382e-03
3.750000000000000444e+00 1.098162650875584082e-03
3.753333333333333410e+00 1.089662775774791117e-03
3.756666666666666821e+00 1.081228989678210527e-03
3.760000000000000231e+00 1.072860777307277922e-03
3.763333333333333641e+00 1.064557627401211976e-03
3.766666666666667052e+00 1.056319032685817168e-03
3.770000000000000462e+00 1.048144489842522216e-03
3.773333333333333428e+00 1.040033499477656387e-03
3.776666666666666838e+00 1.031985566091963256e-03
3.780000000000000249e+00 1.024000198050348210e-03
3.783333333333333659e+00 1.016076907551855804e-03
3.786666666666667069e+00 1.008215210599885427e-03
3.790000000000000036e+00 1.000414626972626194e-03
3.793333333333333446e+00 9.926746801937271110e-04
3.796666666666666856e+00 9.849948975031894930e-04
3.800000000000000266e+00 9.773748098284825228e-04
3.803333333333333677e+00 9.698139517558840988e-04
3.806666666666667087e+00 9.623118615020385264e-04
3.810000000000000053e+00 9.548680808857379874e-04
3.813333333333333464e+00 9.474821552999153221e-04
3.816666666666666874e+00 9.401536336838569024e-04
3.820000000000000284e+00 9.328820684956293111e-04
3.823333333333333695e+00 9.256670156847149463e-04
3.826666666666667105e+00 9.185080346648632739e-04
3.830000000000000071e+00 9.114046882871447170e-04
3.833333333333333481e+00 9.043565428132224705e-04
3.836666666666666892e+00 8.973631678888181707e-04
3.840000000000000302e+00 8.904241365173901773e-04
3.843333333333333712e+00 8.835390250340141669e-04
3.846666666666667123e+00 8.767074130794611604e-04
3.850000000000000089e+00 8.699288835744776452e-04
3.853333333333333499e+00 8.632030226942682266e-04
3.856666666666666909e+00 8.565294198431648706e-04
3.860000000000000320e+00 8.499076676295038791e-04
3.863333333333333730e+00 8.433373618406867465e-04
3.866666666666666696e+00 8.368181014184388833e-04
3.870000000000000107e+00 8.303494884342589415e-04
3.873333333333333517e+00 8.239311280650532142e-04
3.876666666666666927e+00 8.175626285689660587e-04
3.880000000000000338e+00 8.112436012613873700e-04
3.883333333333333748e+00 8.049736604911556436e-04
3.886666666666666714e+00 7.987524236169339696e-04
3.890000000000000124e+00 7.925795109837794478e-04
3.893333333333333535e+00 7.864545458998843403e-04
3.896666666666666945e+00 7.803771546135025152e-04
3.900000000000000355e+00 7.743469662900525057e-04
3.903333333333333766e+00 7.683636129893967525e-04
3.906666666666666732e+00 7.624267296432989810e-04
3.910000000000000142e+00 7.565359540330513638e-04
3.913333333333333552e+00 7.506909267672803605e-04
3.916666666666666963e+00 7.448912912599197408e-04
3.920000000000000373e+00 7.391366937083555626e-04
3.923333333333333783e+00 7.334267830717394179e-04
3.926666666666666750e+00 7.277612110494729829e-04
3.930000000000000160e+00 7.221396320598518371e-04
3.933333333333333570e+00 7.165617032188822131e-04
3.936666666666666980e+00 7.110270843192573404e-04
3.940000000000000391e+00 7.055354378094967453e-04
3.943333333333333801e+00 7.000864287732485062e-04
3.946666666666666767e+00 6.946797249087507779e-04
3.950000000000000178e+00 6.893149965084522605e-04
3.953333333333333588e+00 6.839919164387913949e-04
3.956666666666666998e+00 6.787101601201305998e-04
3.960000000000000409e+00 6.734694055068460913e-04
3.963333333333333375e+00 6.682693330675754540e-04
3.966666666666666785e+00 6.631096257656124470e-04
3.970000000000000195e+00 6.579899690394580428e-04
3.973333333333333606e+00 6.529100507835196776e-04
3.976666666666667016e+00 6.478695613289627226e-04
3.980000000000000426e+00 6.428681934247079980e-04
3.983333333333333393e+00 6.379056422185750037e-04
3.986666666666666803e+00 6.329816052385792147e-04
3.990000000000000213e+00 6.280957823743620830e-04
3.993333333333333623e+00 6.232478758587779244e-04
3.996666666666667034e+00 6.184375902496124259e-04
4.000000000000000000e+00 6.136646324114503406e-04
4.003333333333333854e+00 6.089287114976825021e-04
4.006666666666666821e+00 6.042295389326476050e-04
4.010000000000000675e+00 5.995668283939194860e-04
4.013333333333333641e+00 5.949402957947277611e-04
4.016666666666666607e+00 5.903496592665138801e-04
4.020000000000000462e+00 5.857946391416266095e-04
4.023333333333333428e+00 5.812749579361483785e-04
4.026666666666667282e+00 5.767903403328550902e-04
4.030000000000000249e+00 5.723405131643122170e-04
4.033333333333333215e+00 5.679252053960948208e-04
4.036666666666667069e+00 5.635441481101445072e-04
4.040000000000000036e+00 5.591970744882537739e-04
4.043333333333333890e+00 5.548837197956758014e-04
4.046666666666666856e+00 5.506038213648656483e-04
4.049999999999999822e+00 5.463571185793443964e-04
4.053333333333333677e+00 5.421433528576907962e-04
4.056666666666666643e+00 5.379622676376566220e-04
4.060000000000000497e+00 5.338136083604035640e-04
4.063333333333333464e+00 5.296971224548676239e-04
4.066666666666667318e+00 5.256125593222375682e-04
4.070000000000000284e+00 5.215596703205614259e-04
4.073333333333333250e+00 5.175382087494675857e-04
4.076666666666667105e+00 5.135479298350071080e-04
4.080000000000000071e+00 5.095885907146124796e-04
4.083333333333333925e+00 5.056599504221747634e-04
4.086666666666666892e+00 5.017617698732346979e-04
4.089999999999999858e+00 4.978938118502913238e-04
4.093333333333333712e+00 4.940558409882232598e-04
4.096666666666666679e+00 4.902476237598228431e-04
4.100000000000000533e+00 4.864689284614459011e-04
4.103333333333333499e+00 4.827195251987684787e-04
4.106666666666667354e+00 4.789991858726582201e-04
4.110000000000000320e+00 4.753076841651534125e-04
4.113333333333333286e+00 4.716447955255528889e-04
4.116666666666667140e+00 4.680102971566128334e-04
4.120000000000000107e+00 4.644039680008499467e-04
4.123333333333333961e+00 4.608255887269551462e-04
4.126666666666666927e+00 4.572749417163080423e-04
4.129999999999999893e+00 4.537518110496001063e-04
4.133333333333333748e+00 4.502559824935601328e-04
4.136666666666666714e+00 4.467872434877838395e-04
4.140000000000000568e+00 4.433453831316650027e-04
4.143333333333333535e+00 4.399301921714289954e-04
4.146666666666666501e+00 4.365414629872686747e-04
4.150000000000000355e+00 4.331789895805765456e-04
4.153333333333333321e+00 4.298425675612813340e-04
4.156666666666667176e+00 4.265319941352785599e-04
4.160000000000000142e+00 4.232470680919628086e-04
4.163333333333333997e+00 4.199875897918538942e-04
4.166666666666666963e+00 4.167533611543215765e-04
4.169999999999999929e+00 4.135441856454055796e-04
4.173333333333333783e+00 4.103598682657292858e-04
4.176666666666666750e+00 4.072002155385090558e-04
4.180000000000000604e+00 4.040650354976561939e-04
4.183333333333333570e+00 4.009541376759710707e-04
4.186666666666666536e+00 3.978673330934315170e-04
4.190000000000000391e+00 3.948044342455692547e-04
4.193333333333333357e+00 3.917652550919385941e-04
4.196666666666667211e+00 3.887496110446773956e-04
4.200000000000000178e+00 3.857573189571510824e-04
4.203333333333334032e+00 3.827881971126915204e-04
4.206666666666666998e+00 3.798420652134203027e-04
4.209999999999999964e+00 3.769187443691592596e-04
4.213333333333333819e+00 3.740180570864288416e-04
4.216666666666666785e+00 3.711398272575309630e-04
4.220000000000000639e+00 3.682838801497176589e-04
4.223333333333333606e+00 3.654500423944442031e-04
4.226666666666666572e+00 3.626381419767054368e-04
4.230000000000000426e+00 3.598480082244557990e-04
4.233333333333333393e+00 3.570794717981123521e-04
4.236666666666667247e+00 3.543323646801376046e-04
4.240000000000000213e+00 3.516065201647071187e-04
4.243333333333333179e+00 3.489017728474536084e-04
4.246666666666667034e+00 3.462179586152947918e-04
4.250000000000000000e+00 3.435549146363374093e-04
4.253333333333333854e+00 3.409124793498627187e-04
4.256666666666666821e+00 3.382904924563883190e-04
4.260000000000000675e+00 3.356887949078077651e-04
4.263333333333333641e+00 3.331072288976085166e-04
4.266666666666666607e+00 3.305456378511641537e-04
4.270000000000000462e+00 3.280038664161040603e-04
4.273333333333333428e+00 3.254817604527569948e-04
4.276666666666667282e+00 3.229791670246701758e-04
4.280000000000000249e+00 3.204959343892019308e-04
4.283333333333333215e+00 3.180319119881879625e-04
4.286666666666667069e+00 3.155869504386807985e-04
4.290000000000000036e+00 3.131609015237598226e-04
4.293333333333333890e+00 3.107536181834158451e-04
4.296666666666666856e+00 3.083649545055041404e-04
4.300000000000000711e+00 3.059947657167703971e-04
4.303333333333333677e+00 3.036429081739446477e-04
4.306666666666666643e+00 3.013092393549065390e-04
4.310000000000000497e+00 2.989936178499183646e-04
4.313333333333333464e+00 2.966959033529270530e-04
4.316666666666667318e+00 2.944159566529345692e-04
4.320000000000000284e+00 2.921536396254341807e-04
4.323333333333333250e+00 2.899088152239156797e-04
4.326666666666667105e+00 2.876813474714349519e-04
4.330000000000000071e+00 2.854711014522509291e-04
4.333333333333333925e+00 2.832779433035271599e-04
4.336666666666666892e+00 2.811017402070982701e-04
4.339999999999999858e+00 2.789423603813006615e-04
4.343333333333333712e+00 2.767996730728672339e-04
4.346666666666666679e+00 2.746735485488858031e-04
4.350000000000000533e+00 2.725638580888190476e-04
4.353333333333333499e+00 2.704704739765879896e-04
4.356666666666667354e+00 2.683932694927180346e-04
4.360000000000000320e+00 2.663321189065433409e-04
4.363333333333333286e+00 2.642868974684761869e-04
4.366666666666667140e+00 2.622574814023331509e-04
4.370000000000000107e+00 2.602437478977238493e-04
4.373333333333333961e+00 2.582455751024970831e-04
4.376666666666666927e+00 2.562628421152485128e-04
4.379999999999999893e+00 2.542954289778837367e-04
4.383333333333333748e+00 2.523432166682423546e-04
4.386666666666666714e+00 2.504060870927784111e-04
4.390000000000000568e+00 2.484839230792975414e-04
4.393333333333333535e+00 2.465766083697523941e-04
4.396666666666667389e+00 2.446840276130925348e-04
4.400000000000000355e+00 2.428060663581720828e-04
4.403333333333333321e+00 2.409426110467116405e-04
4.406666666666667176e+00 2.390935490063151095e-04
4.410000000000000142e+00 2.372587684435421807e-04
4.413333333333333997e+00 2.354381584370340049e-04
4.416666666666666963e+00 2.336316089306930460e-04
4.419999999999999929e+00 2.318390107269160331e-04
4.423333333333333783e+00 2.300602554798800929e-04
4.426666666666666750e+00 2.282952356888816011e-04
4.430000000000000604e+00 2.265438446917256393e-04
4.433333333333333570e+00 2.248059766581698786e-04
4.436666666666666536e+00 2.230815265834170085e-04
4.440000000000000391e+00 2.213703902816593970e-04
4.443333333333333357e+00 2.196724643796744373e-04
4.446666666666667211e+00 2.179876463104693074e-04
4.450000000000000178e+00 2.163158343069757918e-04
4.453333333333334032e+00 2.146569273957943001e-04
4.456666666666666998e+00 2.130108253909868631e-04
4.459999999999999964e+00 2.113774288879188921e-04
4.463333333333333819e+00 2.097566392571488319e-04
4.466666666666666785e+00 2.081483586383654652e-04
4.470000000000000639e+00 2.065524899343732467e-04
4.473333333333333606e+00 2.049689368051240139e-04
4.476666666666666572e+00 2.033976036617961053e-04
4.480000000000000426e+00 2.018383956609189056e-04
4.483333333333333393e+00 2.002912186985441754e-04
4.486666666666667247e+00 1.987559794044624557e-04
4.490000000000000213e+00 1.972325851364654156e-04
4.493333333333333179e+00 1.957209439746518669e-04
4.496666666666667034e+00 1.942209647157796669e-04
4.500000000000000000e+00 1.927325568676611521e-04
4.503333333333333854e+00 1.912556306436020211e-04
4.506666666666666821e+00 1.897900969568851312e-04
4.510000000000000675e+00 1.883358674152952499e-04
4.513333333333333641e+00 1.868928543156895606e-04
4.516666666666666607e+00 1.854607446112912215e-04
4.520000000000000462e+00 1.840396535849713724e-04
4.523333333333333428e+00 1.826297207060180471e-04
4.526666666666667282e+00 1.812306584045658643e-04
4.530000000000000249e+00 1.798423822310453077e-04
4.533333333333333215e+00 1.784648083926167672e-04
4.536666666666667069e+00 1.770978537491363846e-04
4.540000000000000036e+00 1.757414358093751974e-04
4.543333333333333890e+00 1.743954727275111478e-04
4.546666666666666856e+00 1.730598832999273801e-04
4.550000000000000711e+00 1.717345869623419774e-04
4.553333333333333677e+00 1.704195037873051358e-04
4.556666666666666643e+00 1.691145544820965433e-04
4.560000000000000497e+00 1.678196603870634612e-04
4.563333333333333464e+00 1.665347434744378320e-04
4.566666666666667318e+00 1.652597263476782228e-04
4.570000000000000284e+00 1.639945322413826018e-04
4.573333333333333250e+00 1.627390850218226053e-04
4.576666666666667105e+00 1.614933091881519628e-04
4.580000000000000071e+00 1.602571298743477610e-04
4.583333333333333925e+00 1.590304728519423890e-04
4.586666666666666892e+00 1.578132645336116245e-04
4.589999999999999858e+00 1.566054319776854023e-04
4.593333333333333712e+00 1.554069028936521735e-04
4.596666666666666679e+00 1.542176056487310138e-04
4.600000000000000533e+00 1.530374692755889202e-04
4.603333333333333499e+00 1.518664234812844489e-04
4.606666666666667354e+00 1.507043986575224792e-04
4.610000000000000320e+00 1.495513258923064593e-04
4.613333333333333286e+00 1.484071369830790180e-04
4.616666666666667140e+00 1.472717644514454842e-04
4.620000000000000107e+00 1.461451415595730143e-04
4.623333333333333961e+00 1.450272023283665640e-04
4.626666666666666927e+00 1.439178815575197705e-04
4.629999999999999893e+00 1.428171148475422818e-04
4.633333333333333748e+00 1.417248386238672902e-04
4.636666666666666714e+00 1.406409901631409953e-04
4.640000000000000568e+00 1.395655076217992461e-04
4.643333333333333535e+00 1.384983300670331139e-04
4.646666666666667389e+00 1.374393975102457450e-04
4.650000000000000355e+00 1.363886509431017850e-04
4.653333333333333321e+00 1.353460323762654884e-04
4.656666666666667176e+00 1.343114848809249032e-04
4.660000000000000142e+00 1.332849526331895702e-04
4.663333333333333997e+00 1.322663809614513198e-04
4.666666666666666963e+00 1.312557163967844676e-04
4.669999999999999929e+00 1.302529067264621414e-04
4.673333333333333783e+00 1.292579010506512190e-04
4.676666666666666750e+00 1.282706498423442053e-04
4.680000000000000604e+00 1.272911050105745342e-04
4.683333333333333570e+00 1.263192199669502616e-04
4.686666666666666536e+00 1.253549496955294314e-04
4.690000000000000391e+00 1.243982508260485541e-04
4.693333333333333357e+00 1.234490817104973127e-04
4.696666666666667211e+00 1.225074025030219041e-04
4.700000000000000178e+00 1.215731752431177564e-04
4.703333333333334032e+00 1.206463639420575447e-04
4.706666666666666998e+00 1.197269346724803889e-04
4.709999999999999964e+00 1.188148556610467145e-04
4.713333333333333819e+00 1.179100973840441078e-04
4.716666666666666785e+00 1.170126326658045893e-04
4.720000000000000639e+00 1.161224367797731135e-04
4.723333333333333606e+00 1.152394875520404736e-04
4.726666666666666572e+00 1.143637654671307102e-04
4.730000000000000426e+00 1.134952537758068434e-04
4.733333333333333393e+00 1.126339386046316162e-04
4.736666666666667247e+00 1.117798090669955166e-04
4.740000000000000213e+00 1.109328573752952187e-04
4.743333333333334068e+00 1.100930789539192399e-04
4.746666666666667034e+00 1.092604725526717376e-04
4.750000000000000000e+00 1.084350403602356760e-04
4.753333333333333854e+00 1.076167881172532021e-04
4.756666666666666821e+00 1.068057252285720387e-04
4.760000000000000675e+00 1.060018648741835589e-04
4.763333333333333641e+00 1.052052241183528027e-04
4.766666666666666607e+00 1.044158240164169720e-04
4.770000000000000462e+00 1.036336897187083232e-04
4.773333333333333428e+00 1.028588505710352323e-04
4.776666666666667282e+00 1.020913402111388378e-04
4.780000000000000249e+00 1.013311966605237856e-04
4.783333333333333215e+00 1.005784624110489707e-04
4.786666666666667069e+00 9.983318450565166046e-05
4.790000000000000036e+00 9.909541461256873688e-05
4.793333333333333890e+00 9.836520909241384513e-05
4.796666666666666856e+00 9.764262905746406214e-05
4.800000000000000711e+00 9.692774042251175678e-05
4.803333333333333677e+00 9.622061394663814057e-05
4.806666666666666643e+00 9.552132526527555188e-05
4.810000000000000497e+00 9.482995491193250926e-05
4.813333333333333464e+00 9.414658832897299860e-05
4.816666666666667318e+00 9.347131586685827691e-05
4.820000000000000284e+00 9.280423277128326085e-05
4.823333333333333250e+00 9.214543915766537153e-05
4.826666666666667105e+00 9.149503997247542052e-05
4.830000000000000071e+00 9.085314494093371836e-05
4.833333333333333925e+00 9.021986850063562415e-05
4.836666666666666892e+00 8.959532972071187302e-05
4.840000000000000746e+00 8.897965220617753642e-05
4.843333333333333712e+00 8.837296398717414301e-05
4.846666666666666679e+00 8.777539739286269519e-05
4.850000000000000533e+00 8.718708890978691252e-05
4.853333333333333499e+00 8.660817902458300814e-05
4.856666666666667354e+00 8.603881205098100197e-05
4.860000000000000320e+00 8.547913594110762676e-05
4.863333333333333286e+00 8.492930208117103075e-05
4.866666666666667140e+00 8.438946507168054256e-05
4.870000000000000107e+00 8.385978249242771699e-05
4.873333333333333961e+00 8.334041465253019202e-05
4.876666666666666927e+00 8.283152432591706874e-05
4.879999999999999893e+00 8.233327647271047444e-05
4.883333333333333748e+00 8.184583794703554369e-05
4.886666666666666714e+00 8.136937719186770532e-05
4.890000000000000568e+00 8.090406392160242341e-05
4.893333333333333535e+00 8.045006879310676734e-05
4.896666666666667389e+00 8.000756306608528858e-05
4.900000000000000355e+00 7.957671825366384596e-05
4.903333333333333321e+00 7.915770576416245876e-05
4.906666666666667176e+00 7.875069653509314267e-05
4.910000000000000142e+00 7.835586066047999551e-05
4.913333333333333997e+00 7.797336701265536777e-05
4.916666666666666963e+00 7.760338285973874010e-05
4.919999999999999929e+00 7.724607348005103555e-05
4.923333333333333783e+00 7.690160177476116732e-05
4.926666666666666750e+00 7.657012788009482632e-05
4.930000000000000604e+00 7.625180878046783567e-05
4.933333333333333570e+00 7.594679792392838153e-05
4.936666666666667425e+00 7.565524484130997998e-05
4.940000000000000391e+00 7.537729477050607958e-05
4.943333333333333357e+00 7.511308828728070883e-05
4.946666666666667211e+00 7.486276094402442827e-05
4.950000000000000178e+00 7.462644291785237838e-05
4.953333333333334032e+00 7.440425866942347415e-05
4.956666666666666998e+00 7.419632661383120152e-05
4.959999999999999964e+00 7.400275880488286064e-05
4.963333333333333819e+00 7.382366063404375461e-05
4.966666666666666785e+00 7.365913054527290914e-05
4.970000000000000639e+00 7.350925976692225050e-05
4.973333333333333606e+00 7.337413206180928870e-05
4.976666666666666572e+00 7.325382349650480410e-05
4.980000000000000426e+00 7.314840223080309295e-05
4.983333333333333393e+00 7.305792832826164937e-05
4.986666666666667247e+00 7.298245358861336560e-05
4.990000000000000213e+00 7.292202140276431708e-05
4.993333333333334068e+00 7.287666663099470722e-05
4.996666666666667034e+00 7.284641550488658737e-05
5.000000000000000000e+00 7.283128555339711161e-05
