0.000000000000000000e+00 0.000000000000000000e+00
3.333333333333333547e-03 0.000000000000000000e+00
6.666666666666667095e-03 0.000000000000000000e+00
1.000000000000000021e-02 0.000000000000000000e+00
1.333333333333333419e-02 0.000000000000000000e+00
1.666666666666666644e-02 0.000000000000000000e+00
2.000000000000000042e-02 0.000000000000000000e+00
2.333333333333333440e-02 0.000000000000000000e+00
2.666666666666666838e-02 0.000000000000000000e+00
3.000000000000000236e-02 0.000000000000000000e+00
3.333333333333333287e-02 0.000000000000000000e+00
3.666666666666666685e-02 0.000000000000000000e+00
4.000000000000000083e-02 0.000000000000000000e+00
4.333333333333333481e-02 0.000000000000000000e+00
4.666666666666666879e-02 0.000000000000000000e+00
5.000000000000000278e-02 0.000000000000000000e+00
5.333333333333333676e-02 0.000000000000000000e+00
5.666666666666667074e-02 0.000000000000000000e+00
6.000000000000000472e-02 0.000000000000000000e+00
6.333333333333333870e-02 0.000000000000000000e+00
6.666666666666666574e-02 0.000000000000000000e+00
7.000000000000000666e-02 0.000000000000000000e+00
7.333333333333333370e-02 0.000000000000000000e+00
7.666666666666667462e-02 0.000000000000000000e+00
8.000000000000000167e-02 0.000000000000000000e+00
8.333333333333334259e-02 0.000000000000000000e+00
8.666666666666666963e-02 0.000000000000000000e+00
9.000000000000001055e-02 0.000000000000000000e+00
9.333333333333333759e-02 0.000000000000000000e+00
9.666666666666667851e-02 0.000000000000000000e+00
1.000000000000000056e-01 0.000000000000000000e+00
1.033333333333333465e-01 0.000000000000000000e+00
1.066666666666666735e-01 0.000000000000000000e+00
1.100000000000000006e-01 0.000000000000000000e+00
1.133333333333333415e-01 0.000000000000000000e+00
1.166666666666666685e-01 0.000000000000000000e+00
1.200000000000000094e-01 0.000000000000000000e+00
1.233333333333333365e-01 0.000000000000000000e+00
1.266666666666666774e-01 0.000000000000000000e+00
1.300000000000000044e-01 0.000000000000000000e+00
1.333333333333333315e-01 0.000000000000000000e+00
1.366666666666666863e-01 0.000000000000000000e+00
1.400000000000000133e-01 0.000000000000000000e+00
1.433333333333333404e-01 0.000000000000000000e+00
1.466666666666666674e-01 0.000000000000000000e+00
1.500000000000000222e-01 0.000000000000000000e+00
1.533333333333333492e-01 0.000000000000000000e+00
1.566666666666666763e-01 0.000000000000000000e+00
1.600000000000000033e-01 0.000000000000000000e+00
1.633333333333333304e-01 0.000000000000000000e+00
1.666666666666666852e-01 0.000000000000000000e+00
1.700000000000000122e-01 0.000000000000000000e+00
1.733333333333333393e-01 0.000000000000000000e+00
1.766666666666666663e-01 0.000000000000000000e+00
1.800000000000000211e-01 0.000000000000000000e+00
1.833333333333333481e-01 0.000000000000000000e+00
1.866666666666666752e-01 0.000000000000000000e+00
1.900000000000000022e-01 0.000000000000000000e+00
1.933333333333333570e-01 0.000000000000000000e+00
1.966666666666666841e-01 0.000000000000000000e+00
2.000000000000000111e-01 0.000000000000000000e+00
2.033333333333333381e-01 0.000000000000000000e+00
2.066666666666666929e-01 0.000000000000000000e+00
2.100000000000000200e-01 0.000000000000000000e+00
2.133333333333333470e-01 0.000000000000000000e+00
2.166666666666666741e-01 0.000000000000000000e+00
2.200000000000000011e-01 0.000000000000000000e+00
2.233333333333333559e-01 0.000000000000000000e+00
2.266666666666666829e-01 0.000000000000000000e+00
2.300000000000000100e-01 0.000000000000000000e+00
2.333333333333333370e-01 0.000000000000000000e+00
2.366666666666666918e-01 0.000000000000000000e+00
2.400000000000000189e-01 0.000000000000000000e+00
2.433333333333333459e-01 0.000000000000000000e+00
2.466666666666666730e-01 0.000000000000000000e+00
2.500000000000000000e-01 0.000000000000000000e+00
2.533333333333333548e-01 0.000000000000000000e+00
2.566666666666667096e-01 0.000000000000000000e+00
2.600000000000000089e-01 0.000000000000000000e+00
2.633333333333333637e-01 0.000000000000000000e+00
2.666666666666666630e-01 0.000000000000000000e+00
2.700000000000000178e-01 0.000000000000000000e+00
2.733333333333333726e-01 0.000000000000000000e+00
2.766666666666666718e-01 0.000000000000000000e+00
2.800000000000000266e-01 0.000000000000000000e+00
2.833333333333333259e-01 0.000000000000000000e+00
2.866666666666666807e-01 0.000000000000000000e+00
2.900000000000000355e-01 0.000000000000000000e+00
2.933333333333333348e-01 0.000000000000000000e+00
2.966666666666666896e-01 0.000000000000000000e+00
3.000000000000000444e-01 0.000000000000000000e+00
3.033333333333333437e-01 0.000000000000000000e+00
3.066666666666666985e-01 0.000000000000000000e+00
3.099999999999999978e-01 0.000000000000000000e+00
3.133333333333333526e-01 0.000000000000000000e+00
3.166666666666667074e-01 0.000000000000000000e+00
3.200000000000000067e-01 0.000000000000000000e+00
3.233333333333333615e-01 0.000000000000000000e+00
3.266666666666666607e-01 0.000000000000000000e+00
3.300000000000000155e-01 0.000000000000000000e+00
3.333333333333333703e-01 0.000000000000000000e+00
3.366666666666666696e-01 0.000000000000000000e+00
3.400000000000000244e-01 0.000000000000000000e+00
3.433333333333333792e-01 0.000000000000000000e+00
3.466666666666666785e-01 0.000000000000000000e+00
3.500000000000000333e-01 0.000000000000000000e+00
3.533333333333333326e-01 0.000000000000000000e+00
3.566666666666666874e-01 0.000000000000000000e+00
3.600000000000000422e-01 0.000000000000000000e+00
3.633333333333333415e-01 0.000000000000000000e+00
3.666666666666666963e-01 0.000000000000000000e+00
3.700000000000000511e-01 0.000000000000000000e+00
3.733333333333333504e-01 0.000000000000000000e+00
3.766666666666667052e-01 0.000000000000000000e+00
3.800000000000000044e-01 0.000000000000000000e+00
3.833333333333333592e-01 0.000000000000000000e+00
3.866666666666667140e-01 0.000000000000000000e+00
3.900000000000000133e-01 0.000000000000000000e+00
3.933333333333333681e-01 0.000000000000000000e+00
3.966666666666666674e-01 0.000000000000000000e+00
4.000000000000000222e-01 0.000000000000000000e+00
4.033333333333333770e-01 0.000000000000000000e+00
4.066666666666666763e-01 0.000000000000000000e+00
4.100000000000000311e-01 0.000000000000000000e+00
4.133333333333333859e-01 0.000000000000000000e+00
4.166666666666666852e-01 0.000000000000000000e+00
4.200000000000000400e-01 0.000000000000000000e+00
4.233333333333333393e-01 0.000000000000000000e+00
4.266666666666666941e-01 0.000000000000000000e+00
4.300000000000000488e-01 0.000000000000000000e+00
4.333333333333333481e-01 0.000000000000000000e+00
4.366666666666667029e-01 0.000000000000000000e+00
4.400000000000000022e-01 0.000000000000000000e+00
4.433333333333333570e-01 0.000000000000000000e+00
4.466666666666667118e-01 0.000000000000000000e+00
4.500000000000000111e-01 0.000000000000000000e+00
4.533333333333333659e-01 0.000000000000000000e+00
4.566666666666667207e-01 0.000000000000000000e+00
4.600000000000000200e-01 0.000000000000000000e+00
4.633333333333333748e-01 0.000000000000000000e+00
4.666666666666666741e-01 0.000000000000000000e+00
4.700000000000000289e-01 0.000000000000000000e+00
4.733333333333333837e-01 0.000000000000000000e+00
4.766666666666666829e-01 0.000000000000000000e+00
4.800000000000000377e-01 0.000000000000000000e+00
4.833333333333333370e-01 0.000000000000000000e+00
4.866666666666666918e-01 0.000000000000000000e+00
4.900000000000000466e-01 0.000000000000000000e+00
4.933333333333333459e-01 0.000000000000000000e+00
4.966666666666667007e-01 0.000000000000000000e+00
5.000000000000000000e-01 0.000000000000000000e+00
5.033333333333334103e-01 0.000000000000000000e+00
5.066666666666667096e-01 0.000000000000000000e+00
5.100000000000000089e-01 0.000000000000000000e+00
5.133333333333334192e-01 0.000000000000000000e+00
5.166666666666667185e-01 0.000000000000000000e+00
5.200000000000000178e-01 0.000000000000000000e+00
5.233333333333333171e-01 0.000000000000000000e+00
5.266666666666667274e-01 0.000000000000000000e+00
5.300000000000000266e-01 0.000000000000000000e+00
5.333333333333333259e-01 0.000000000000000000e+00
5.366666666666667362e-01 0.000000000000000000e+00
5.400000000000000355e-01 0.000000000000000000e+00
5.433333333333333348e-01 0.000000000000000000e+00
5.466666666666667451e-01 0.000000000000000000e+00
5.500000000000000444e-01 0.000000000000000000e+00
5.533333333333333437e-01 0.000000000000000000e+00
5.566666666666667540e-01 0.000000000000000000e+00
5.600000000000000533e-01 0.000000000000000000e+00
5.633333333333333526e-01 0.000000000000000000e+00
5.666666666666666519e-01 0.000000000000000000e+00
5.700000000000000622e-01 0.000000000000000000e+00
5.733333333333333615e-01 0.000000000000000000e+00
5.766666666666666607e-01 6.354439006481259481e-06
5.800000000000000711e-01 1.435958206807802135e-05
5.833333333333333703e-01 2.441404646638027729e-05
5.866666666666666696e-01 3.700337825855980764e-05
5.900000000000000799e-01 5.271663255990957815e-05
5.933333333333333792e-01 7.226555252461663566e-05
5.966666666666666785e-01 9.650662878132495440e-05
6.000000000000000888e-01 1.264663243992300990e-04
6.033333333333333881e-01 1.633697468771367028e-04
6.066666666666666874e-01 2.086730365789471594e-04
6.099999999999999867e-01 2.640997188105072713e-04
6.133333333333333970e-01 3.316812326223750416e-04
6.166666666666666963e-01 4.138018017149787918e-04
6.199999999999999956e-01 5.132477498743479331e-04
6.233333333333334059e-01 6.332612836886789736e-04
6.266666666666667052e-01 7.775986676430419846e-04
6.300000000000000044e-01 9.505926001612067513e-04
6.333333333333334147e-01 1.157218463313142414e-03
6.366666666666667140e-01 1.403163963853881063e-03
6.400000000000000133e-01 1.694901509802878474e-03
6.433333333333334236e-01 2.039762476498256302e-03
6.466666666666667229e-01 2.446012311436090471e-03
6.500000000000000222e-01 2.922925211662196713e-03
6.533333333333333215e-01 3.480856885470120891e-03
6.566666666666667318e-01 4.131313687161032241e-03
6.600000000000000311e-01 4.887016196148658183e-03
6.633333333333333304e-01 5.761955107217393846e-03
6.666666666666667407e-01 6.771437115587131822e-03
6.700000000000000400e-01 7.932118327612756523e-03
6.733333333333333393e-01 9.262022614922808816e-03
6.766666666666667496e-01 1.078054226624201514e-02
6.800000000000000488e-01 1.250841828656762064e-02
6.833333333333333481e-01 1.446769775678755261e-02
6.866666666666667584e-01 1.668166580632379770e-02
6.900000000000000577e-01 1.917474997368476958e-02
6.933333333333333570e-01 2.197239503984717290e-02
6.966666666666666563e-01 2.510090681986500150e-02
7.000000000000000666e-01 2.858726388910036095e-02
7.033333333333333659e-01 3.245889679909639419e-02
7.066666666666666652e-01 3.674343499823361225e-02
7.100000000000000755e-01 4.146842240437910443e-02
7.133333333333333748e-01 4.666100336773118529e-02
7.166666666666666741e-01 5.234758159555430446e-02
7.200000000000000844e-01 5.855345546688544428e-02
7.233333333333333837e-01 6.530243402214717940e-02
7.266666666666666829e-01 7.261643874520620767e-02
7.300000000000000933e-01 8.051509703741004109e-02
7.333333333333333925e-01 8.901533398732261460e-02
7.366666666666666918e-01 9.813096963911779880e-02
7.400000000000001021e-01 1.078723294307707553e-01
7.433333333333334014e-01 1.182458757862649285e-01
7.466666666666667007e-01 1.292538689830382281e-01
7.500000000000000000e-01 1.408940653599393411e-01
7.533333333333334103e-01 1.531594606701255079e-01
7.566666666666667096e-01 1.660380859114379548e-01
7.600000000000000089e-01 1.795128622839997357e-01
7.633333333333334192e-01 1.935615210379985074e-01
7.666666666666667185e-01 2.081565928976263080e-01
7.700000000000000178e-01 2.232654705005225615e-01
7.733333333333334281e-01 2.388454566196282214e-01
7.766666666666667274e-01 2.548579305822643581e-01
7.800000000000000266e-01 2.712556798443115369e-01
7.833333333333334370e-01 2.879872826340031944e-01
7.866666666666667362e-01 3.049975222186089296e-01
7.900000000000000355e-01 3.222278611225397049e-01
7.933333333333333348e-01 3.396169678987828178e-01
7.966666666666667451e-01 3.571012877670285968e-01
8.000000000000000444e-01 3.746156473314218860e-01
8.033333333333333437e-01 3.920938827133546023e-01
8.066666666666667540e-01 4.094694798087474275e-01
8.100000000000000533e-01 4.266762150262093378e-01
8.133333333333333526e-01 4.436487847956685493e-01
8.166666666666667629e-01 4.603234123613280104e-01
8.200000000000000622e-01 4.766384208841400461e-01
8.233333333333333615e-01 4.925347626648514665e-01
8.266666666666667718e-01 5.079564953382073034e-01
8.300000000000000711e-01 5.228511971538424286e-01
8.333333333333333703e-01 5.371703149149010814e-01
8.366666666666666696e-01 5.508694397513447250e-01
8.400000000000000799e-01 5.639085076170717858e-01
8.433333333333333792e-01 5.762519231717064816e-01
8.466666666666666785e-01 5.878686074914518667e-01
8.500000000000000888e-01 5.987319718014779690e-01
8.533333333333333881e-01 6.088198210894938400e-01
8.566666666666666874e-01 6.181141930041939014e-01
8.600000000000000977e-01 6.266011388252166192e-01
8.633333333333333970e-01 6.342704544804562694e-01
8.666666666666666963e-01 6.411153705553318538e-01
8.700000000000001066e-01 6.471322109668187217e-01
8.733333333333334059e-01 6.523200304493111945e-01
8.766666666666667052e-01 6.566802412132423106e-01
8.800000000000000044e-01 6.602162390911393564e-01
8.833333333333334147e-01 6.629330391860943639e-01
8.866666666666667140e-01 6.648369304972064908e-01
8.900000000000000133e-01 6.659351582334922526e-01
8.933333333333334236e-01 6.662356415648468255e-01
8.966666666666667229e-01 6.657467334227686884e-01
9.000000000000000222e-01 6.644770276847743462e-01
9.033333333333334325e-01 6.624352176873312681e-01
9.066666666666667318e-01 6.596300085470190311e-01
9.100000000000000311e-01 6.560700842637781083e-01
9.133333333333334414e-01 6.517641290690768807e-01
9.166666666666667407e-01 6.467209010007692882e-01
9.200000000000000400e-01 6.409493542694019164e-01
9.233333333333333393e-01 6.344588056601956350e-01
9.266666666666667496e-01 6.272591390209991680e-01
9.300000000000000488e-01 6.193610408465518580e-01
9.333333333333333481e-01 6.107762591073633285e-01
9.366666666666667584e-01 6.015178768076132609e-01
9.400000000000000577e-01 5.916005913065095490e-01
9.433333333333333570e-01 5.810409902127212645e-01
9.466666666666667673e-01 5.698578146679139644e-01
9.500000000000000666e-01 5.580722010738722316e-01
9.533333333333333659e-01 5.457078927835381510e-01
9.566666666666667762e-01 5.327914139592628828e-01
9.600000000000000755e-01 5.193521986860274442e-01
9.633333333333333748e-01 5.054226694923241725e-01
9.666666666666666741e-01 4.910382606510162451e-01
9.700000000000000844e-01 4.762373829765607636e-01
9.733333333333333837e-01 4.610613282696203186e-01
9.766666666666666829e-01 4.455541130485388135e-01
9.800000000000000933e-01 4.297622627107915982e-01
9.833333333333333925e-01 4.137345387468243096e-01
9.866666666666666918e-01 3.975216130445070606e-01
9.900000000000001021e-01 3.811756946370105092e-01
9.933333333333334014e-01 3.647501154251541200e-01
9.966666666666667007e-01 3.482988824158104735e-01
1.000000000000000000e+00 3.318762048341401538e-01
1.003333333333333410e+00 3.155360050682508022e-01
1.006666666666666821e+00 2.993314227756011525e-01
1.010000000000000009e+00 2.833143216131870923e-01
1.013333333333333419e+00 2.675348079473591767e-01
1.016666666666666829e+00 2.520407705602053516e-01
1.020000000000000018e+00 2.368774498107681370e-01
1.023333333333333428e+00 2.220870439502599381e-01
1.026666666666666838e+00 2.077083593558355368e-01
1.030000000000000027e+00 1.937765103670216760e-01
1.033333333333333437e+00 1.803176583433717395e-01
1.036666666666666625e+00 1.673649532775494941e-01
1.040000000000000036e+00 1.549409671234170116e-01
1.043333333333333446e+00 1.430639882504494420e-01
1.046666666666666634e+00 1.317480032836865489e-01
1.050000000000000044e+00 1.210027374424799407e-01
1.053333333333333455e+00 1.108337501973235412e-01
1.056666666666666643e+00 1.012425820914463481e-01
1.060000000000000053e+00 9.222694774394861461e-02
1.063333333333333464e+00 8.378096937944577716e-02
1.066666666666666652e+00 7.589544472530605768e-02
1.070000000000000062e+00 6.855814278589418553e-02
1.073333333333333472e+00 6.175412084263878082e-02
1.076666666666666661e+00 5.546605603301712345e-02
1.080000000000000071e+00 4.967458501997458475e-02
1.083333333333333481e+00 4.435864556122388197e-02
1.086666666666666670e+00 3.949581420753318223e-02
1.090000000000000080e+00 3.506263488040136517e-02
1.093333333333333490e+00 3.103493368082637510e-02
1.096666666666666679e+00 2.738811593992889620e-02
1.100000000000000089e+00 2.409744221683958118e-02
1.103333333333333499e+00 2.113828065817922180e-02
1.106666666666666687e+00 1.848633383679905082e-02
1.110000000000000098e+00 1.611783886733053964e-02
1.113333333333333508e+00 1.400974023702647626e-02
1.116666666666666696e+00 1.213983537952231101e-02
1.120000000000000107e+00 1.048689354648385010e-02
1.123333333333333295e+00 9.030748990459740166e-03
1.126666666666666705e+00 7.752369857230285294e-03
1.130000000000000115e+00 6.633904495766844607e-03
1.133333333333333304e+00 5.658707129202095003e-03
1.136666666666666714e+00 4.811344993668280855e-03
1.140000000000000124e+00 4.077589147954244729e-03
1.143333333333333313e+00 3.444391191531403790e-03
1.146666666666666723e+00 2.899848108513689363e-03
1.150000000000000133e+00 2.433157388143392455e-03
1.153333333333333321e+00 2.034564466385438506e-03
1.156666666666666732e+00 1.695304396171791244e-03
1.160000000000000142e+00 1.407539493561637709e-03
1.163333333333333330e+00 1.164294530939358847e-03
1.166666666666666741e+00 9.593908631272309983e-04
1.170000000000000151e+00 7.873806839799973823e-04
1.173333333333333339e+00 6.434824248777793517e-04
1.176666666666666750e+00 5.235181269104663459e-04
1.180000000000000160e+00 4.238534489567987893e-04
1.183333333333333348e+00 3.413408169730462694e-04
1.186666666666666758e+00 2.732660774994821284e-04
1.190000000000000169e+00 2.172988918283111977e-04
1.193333333333333357e+00 1.714469969778425790e-04
1.196666666666666767e+00 1.340143655616266862e-04
1.200000000000000178e+00 1.035632183527528279e-04
1.203333333333333366e+00 7.887977998833330888e-05
1.206666666666666776e+00 5.894361873357004995e-05
1.210000000000000187e+00 4.290037423794651244e-05
1.213333333333333375e+00 3.003765136441542198e-05
1.216666666666666785e+00 1.976384200388423251e-05
1.219999999999999973e+00 1.158962885528485223e-05
1.223333333333333384e+00 5.111924058631880597e-06
1.226666666666666794e+00 0.000000000000000000e+00
1.229999999999999982e+00 0.000000000000000000e+00
1.233333333333333393e+00 0.000000000000000000e+00
1.236666666666666803e+00 0.000000000000000000e+00
1.239999999999999991e+00 0.000000000000000000e+00
1.243333333333333401e+00 0.000000000000000000e+00
1.246666666666666812e+00 0.000000000000000000e+00
1.250000000000000000e+00 0.000000000000000000e+00
1.253333333333333410e+00 0.000000000000000000e+00
1.256666666666666821e+00 0.000000000000000000e+00
1.260000000000000009e+00 0.000000000000000000e+00
1.263333333333333419e+00 0.000000000000000000e+00
1.266666666666666829e+00 0.000000000000000000e+00
1.270000000000000018e+00 0.000000000000000000e+00
1.273333333333333428e+00 0.000000000000000000e+00
1.276666666666666838e+00 0.000000000000000000e+00
1.280000000000000027e+00 0.000000000000000000e+00
1.283333333333333437e+00 0.000000000000000000e+00
1.286666666666666847e+00 0.000000000000000000e+00
1.290000000000000036e+00 0.000000000000000000e+00
1.293333333333333446e+00 0.000000000000000000e+00
1.296666666666666856e+00 0.000000000000000000e+00
1.300000000000000044e+00 0.000000000000000000e+00
1.303333333333333455e+00 0.000000000000000000e+00
1.306666666666666643e+00 0.000000000000000000e+00
1.310000000000000053e+00 0.000000000000000000e+00
1.313333333333333464e+00 0.000000000000000000e+00
1.316666666666666652e+00 0.000000000000000000e+00
1.320000000000000062e+00 0.000000000000000000e+00
1.323333333333333472e+00 0.000000000000000000e+00
1.326666666666666661e+00 0.000000000000000000e+00
1.330000000000000071e+00 0.000000000000000000e+00
1.333333333333333481e+00 0.000000000000000000e+00
1.336666666666666670e+00 0.000000000000000000e+00
1.340000000000000080e+00 0.000000000000000000e+00
1.343333333333333490e+00 0.000000000000000000e+00
1.346666666666666679e+00 0.000000000000000000e+00
1.350000000000000089e+00 0.000000000000000000e+00
1.353333333333333499e+00 0.000000000000000000e+00
1.356666666666666687e+00 0.000000000000000000e+00
1.360000000000000098e+00 0.000000000000000000e+00
1.363333333333333508e+00 0.000000000000000000e+00
1.366666666666666696e+00 0.000000000000000000e+00
1.370000000000000107e+00 0.000000000000000000e+00
1.373333333333333517e+00 0.000000000000000000e+00
1.376666666666666705e+00 0.000000000000000000e+00
1.380000000000000115e+00 0.000000000000000000e+00
1.383333333333333526e+00 0.000000000000000000e+00
1.386666666666666714e+00 0.000000000000000000e+00
1.390000000000000124e+00 0.000000000000000000e+00
1.393333333333333313e+00 0.000000000000000000e+00
1.396666666666666723e+00 0.000000000000000000e+00
1.400000000000000133e+00 0.000000000000000000e+00
1.403333333333333321e+00 0.000000000000000000e+00
1.406666666666666732e+00 0.000000000000000000e+00
1.410000000000000142e+00 0.000000000000000000e+00
1.413333333333333330e+00 0.000000000000000000e+00
1.416666666666666741e+00 0.000000000000000000e+00
1.420000000000000151e+00 0.000000000000000000e+00
1.423333333333333339e+00 0.000000000000000000e+00
1.426666666666666750e+00 0.000000000000000000e+00
1.430000000000000160e+00 0.000000000000000000e+00
1.433333333333333348e+00 0.000000000000000000e+00
1.436666666666666758e+00 0.000000000000000000e+00
1.440000000000000169e+00 0.000000000000000000e+00
1.443333333333333357e+00 0.000000000000000000e+00
1.446666666666666767e+00 0.000000000000000000e+00
1.450000000000000178e+00 0.000000000000000000e+00
1.453333333333333366e+00 0.000000000000000000e+00
1.456666666666666776e+00 0.000000000000000000e+00
1.460000000000000187e+00 0.000000000000000000e+00
1.463333333333333375e+00 0.000000000000000000e+00
1.466666666666666785e+00 0.000000000000000000e+00
1.470000000000000195e+00 0.000000000000000000e+00
1.473333333333333384e+00 0.000000000000000000e+00
1.476666666666666794e+00 0.000000000000000000e+00
1.480000000000000204e+00 0.000000000000000000e+00
1.483333333333333393e+00 0.000000000000000000e+00
1.486666666666666803e+00 0.000000000000000000e+00
1.489999999999999991e+00 0.000000000000000000e+00
1.493333333333333401e+00 0.000000000000000000e+00
1.496666666666666812e+00 0.000000000000000000e+00
1.500000000000000000e+00 0.000000000000000000e+00
1.503333333333333410e+00 0.000000000000000000e+00
1.506666666666666821e+00 0.000000000000000000e+00
1.510000000000000009e+00 0.000000000000000000e+00
1.513333333333333419e+00 0.000000000000000000e+00
1.516666666666666829e+00 0.000000000000000000e+00
1.520000000000000018e+00 0.000000000000000000e+00
1.523333333333333428e+00 0.000000000000000000e+00
1.526666666666666838e+00 0.000000000000000000e+00
1.530000000000000027e+00 0.000000000000000000e+00
1.533333333333333437e+00 0.000000000000000000e+00
1.536666666666666847e+00 0.000000000000000000e+00
1.540000000000000036e+00 0.000000000000000000e+00
1.543333333333333446e+00 0.000000000000000000e+00
1.546666666666666856e+00 0.000000000000000000e+00
1.550000000000000044e+00 0.000000000000000000e+00
1.553333333333333455e+00 0.000000000000000000e+00
1.556666666666666865e+00 0.000000000000000000e+00
1.560000000000000053e+00 0.000000000000000000e+00
1.563333333333333464e+00 0.000000000000000000e+00
1.566666666666666874e+00 0.000000000000000000e+00
1.570000000000000062e+00 0.000000000000000000e+00
1.573333333333333472e+00 0.000000000000000000e+00
1.576666666666666661e+00 0.000000000000000000e+00
1.580000000000000071e+00 0.000000000000000000e+00
1.583333333333333481e+00 0.000000000000000000e+00
1.586666666666666670e+00 0.000000000000000000e+00
1.590000000000000080e+00 0.000000000000000000e+00
1.593333333333333490e+00 0.000000000000000000e+00
1.596666666666666679e+00 0.000000000000000000e+00
1.600000000000000089e+00 0.000000000000000000e+00
1.603333333333333499e+00 0.000000000000000000e+00
1.606666666666666687e+00 0.000000000000000000e+00
1.610000000000000098e+00 0.000000000000000000e+00
1.613333333333333508e+00 0.000000000000000000e+00
1.616666666666666696e+00 0.000000000000000000e+00
1.620000000000000107e+00 0.000000000000000000e+00
1.623333333333333517e+00 0.000000000000000000e+00
1.626666666666666705e+00 0.000000000000000000e+00
1.630000000000000115e+00 0.000000000000000000e+00
1.633333333333333526e+00 0.000000000000000000e+00
1.636666666666666714e+00 0.000000000000000000e+00
1.640000000000000124e+00 0.000000000000000000e+00
1.643333333333333535e+00 0.000000000000000000e+00
1.646666666666666723e+00 0.000000000000000000e+00
1.650000000000000133e+00 0.000000000000000000e+00
1.653333333333333544e+00 0.000000000000000000e+00
1.656666666666666732e+00 0.000000000000000000e+00
1.660000000000000142e+00 0.000000000000000000e+00
1.663333333333333330e+00 0.000000000000000000e+00
1.666666666666666741e+00 0.000000000000000000e+00
1.670000000000000151e+00 0.000000000000000000e+00
1.673333333333333339e+00 0.000000000000000000e+00
1.676666666666666750e+00 0.000000000000000000e+00
1.680000000000000160e+00 0.000000000000000000e+00
1.683333333333333348e+00 0.000000000000000000e+00
1.686666666666666758e+00 0.000000000000000000e+00
1.690000000000000169e+00 0.000000000000000000e+00
1.693333333333333357e+00 0.000000000000000000e+00
1.696666666666666767e+00 0.000000000000000000e+00
1.700000000000000178e+00 0.000000000000000000e+00
1.703333333333333366e+00 0.000000000000000000e+00
1.706666666666666776e+00 0.000000000000000000e+00
1.710000000000000187e+00 0.000000000000000000e+00
1.713333333333333375e+00 0.000000000000000000e+00
1.716666666666666785e+00 0.000000000000000000e+00
1.720000000000000195e+00 0.000000000000000000e+00
1.723333333333333384e+00 0.000000000000000000e+00
1.726666666666666794e+00 0.000000000000000000e+00
1.730000000000000204e+00 0.000000000000000000e+00
1.733333333333333393e+00 0.000000000000000000e+00
1.736666666666666803e+00 0.000000000000000000e+00
1.740000000000000213e+00 0.000000000000000000e+00
1.743333333333333401e+00 0.000000000000000000e+00
1.746666666666666812e+00 0.000000000000000000e+00
1.750000000000000222e+00 0.000000000000000000e+00
1.753333333333333410e+00 0.000000000000000000e+00
1.756666666666666821e+00 0.000000000000000000e+00
1.760000000000000009e+00 0.000000000000000000e+00
1.763333333333333419e+00 0.000000000000000000e+00
1.766666666666666829e+00 0.000000000000000000e+00
1.770000000000000018e+00 0.000000000000000000e+00
1.773333333333333428e+00 0.000000000000000000e+00
1.776666666666666838e+00 0.000000000000000000e+00
1.780000000000000027e+00 0.000000000000000000e+00
1.783333333333333437e+00 0.000000000000000000e+00
1.786666666666666847e+00 0.000000000000000000e+00
1.790000000000000036e+00 0.000000000000000000e+00
1.793333333333333446e+00 0.000000000000000000e+00
1.796666666666666856e+00 0.000000000000000000e+00
1.800000000000000044e+00 0.000000000000000000e+00
1.803333333333333455e+00 0.000000000000000000e+00
1.806666666666666865e+00 0.000000000000000000e+00
1.810000000000000053e+00 0.000000000000000000e+00
1.813333333333333464e+00 0.000000000000000000e+00
1.816666666666666874e+00 0.000000000000000000e+00
1.820000000000000062e+00 0.000000000000000000e+00
1.823333333333333472e+00 0.000000000000000000e+00
1.826666666666666883e+00 0.000000000000000000e+00
1.830000000000000071e+00 0.000000000000000000e+00
1.833333333333333481e+00 0.000000000000000000e+00
1.836666666666666892e+00 0.000000000000000000e+00
1.840000000000000080e+00 0.000000000000000000e+00
1.843333333333333490e+00 0.000000000000000000e+00
1.846666666666666679e+00 0.000000000000000000e+00
1.850000000000000089e+00 0.000000000000000000e+00
1.853333333333333499e+00 0.000000000000000000e+00
1.856666666666666687e+00 0.000000000000000000e+00
1.860000000000000098e+00 0.000000000000000000e+00
1.863333333333333508e+00 0.000000000000000000e+00
1.866666666666666696e+00 0.000000000000000000e+00
1.870000000000000107e+00 0.000000000000000000e+00
1.873333333333333517e+00 0.000000000000000000e+00
1.876666666666666705e+00 0.000000000000000000e+00
1.880000000000000115e+00 0.000000000000000000e+00
1.883333333333333526e+00 0.000000000000000000e+00
1.886666666666666714e+00 0.000000000000000000e+00
1.890000000000000124e+00 0.000000000000000000e+00
1.893333333333333535e+00 0.000000000000000000e+00
1.896666666666666723e+00 0.000000000000000000e+00
1.900000000000000133e+00 0.000000000000000000e+00
1.903333333333333544e+00 0.000000000000000000e+00
1.906666666666666732e+00 0.000000000000000000e+00
1.910000000000000142e+00 0.000000000000000000e+00
1.913333333333333552e+00 0.000000000000000000e+00
1.916666666666666741e+00 0.000000000000000000e+00
1.920000000000000151e+00 0.000000000000000000e+00
1.923333333333333561e+00 0.000000000000000000e+00
1.926666666666666750e+00 0.000000000000000000e+00
1.930000000000000160e+00 0.000000000000000000e+00
1.933333333333333348e+00 0.000000000000000000e+00
1.936666666666666758e+00 0.000000000000000000e+00
1.940000000000000169e+00 0.000000000000000000e+00
1.943333333333333357e+00 0.000000000000000000e+00
1.946666666666666767e+00 0.000000000000000000e+00
1.950000000000000178e+00 0.000000000000000000e+00
1.953333333333333366e+00 0.000000000000000000e+00
1.956666666666666776e+00 0.000000000000000000e+00
1.960000000000000187e+00 0.000000000000000000e+00
1.963333333333333375e+00 0.000000000000000000e+00
1.966666666666666785e+00 0.000000000000000000e+00
1.970000000000000195e+00 0.000000000000000000e+00
1.973333333333333384e+00 0.000000000000000000e+00
1.976666666666666794e+00 0.000000000000000000e+00
1.980000000000000204e+00 0.000000000000000000e+00
1.983333333333333393e+00 0.000000000000000000e+00
1.986666666666666803e+00 0.000000000000000000e+00
1.990000000000000213e+00 0.000000000000000000e+00
1.993333333333333401e+00 0.000000000000000000e+00
1.996666666666666812e+00 0.000000000000000000e+00
2.000000000000000000e+00 0.000000000000000000e+00
2.003333333333333410e+00 0.000000000000000000e+00
2.006666666666666821e+00 0.000000000000000000e+00
2.010000000000000231e+00 0.000000000000000000e+00
2.013333333333333641e+00 0.000000000000000000e+00
2.016666666666666607e+00 0.000000000000000000e+00
2.020000000000000018e+00 0.000000000000000000e+00
2.023333333333333428e+00 0.000000000000000000e+00
2.026666666666666838e+00 0.000000000000000000e+00
2.030000000000000249e+00 0.000000000000000000e+00
2.033333333333333659e+00 0.000000000000000000e+00
2.036666666666666625e+00 0.000000000000000000e+00
2.040000000000000036e+00 0.000000000000000000e+00
2.043333333333333446e+00 0.000000000000000000e+00
2.046666666666666856e+00 0.000000000000000000e+00
2.050000000000000266e+00 0.000000000000000000e+00
2.053333333333333677e+00 0.000000000000000000e+00
2.056666666666666643e+00 0.000000000000000000e+00
2.060000000000000053e+00 0.000000000000000000e+00
2.063333333333333464e+00 0.000000000000000000e+00
2.066666666666666874e+00 0.000000000000000000e+00
2.070000000000000284e+00 0.000000000000000000e+00
2.073333333333333250e+00 0.000000000000000000e+00
2.076666666666666661e+00 0.000000000000000000e+00
2.080000000000000071e+00 0.000000000000000000e+00
2.083333333333333481e+00 0.000000000000000000e+00
2.086666666666666892e+00 0.000000000000000000e+00
2.090000000000000302e+00 0.000000000000000000e+00
2.093333333333333268e+00 0.000000000000000000e+00
2.096666666666666679e+00 0.000000000000000000e+00
2.100000000000000089e+00 0.000000000000000000e+00
2.103333333333333499e+00 0.000000000000000000e+00
2.106666666666666909e+00 0.000000000000000000e+00
2.110000000000000320e+00 0.000000000000000000e+00
2.113333333333333286e+00 0.000000000000000000e+00
2.116666666666666696e+00 0.000000000000000000e+00
2.120000000000000107e+00 0.000000000000000000e+00
2.123333333333333517e+00 0.000000000000000000e+00
2.126666666666666927e+00 0.000000000000000000e+00
2.130000000000000338e+00 0.000000000000000000e+00
2.133333333333333304e+00 0.000000000000000000e+00
2.136666666666666714e+00 0.000000000000000000e+00
2.140000000000000124e+00 0.000000000000000000e+00
2.143333333333333535e+00 0.000000000000000000e+00
2.146666666666666945e+00 0.000000000000000000e+00
2.150000000000000355e+00 0.000000000000000000e+00
2.153333333333333321e+00 0.000000000000000000e+00
2.156666666666666732e+00 0.000000000000000000e+00
2.160000000000000142e+00 0.000000000000000000e+00
2.163333333333333552e+00 0.000000000000000000e+00
2.166666666666666963e+00 0.000000000000000000e+00
2.169999999999999929e+00 0.000000000000000000e+00
2.173333333333333339e+00 0.000000000000000000e+00
2.176666666666666750e+00 0.000000000000000000e+00
2.180000000000000160e+00 0.000000000000000000e+00
2.183333333333333570e+00 0.000000000000000000e+00
2.186666666666666980e+00 0.000000000000000000e+00
2.189999999999999947e+00 0.000000000000000000e+00
2.193333333333333357e+00 0.000000000000000000e+00
2.196666666666666767e+00 0.000000000000000000e+00
2.200000000000000178e+00 0.000000000000000000e+00
2.203333333333333588e+00 0.000000000000000000e+00
2.206666666666666998e+00 0.000000000000000000e+00
2.209999999999999964e+00 0.000000000000000000e+00
2.213333333333333375e+00 0.000000000000000000e+00
2.216666666666666785e+00 0.000000000000000000e+00
2.220000000000000195e+00 0.000000000000000000e+00
2.223333333333333606e+00 0.000000000000000000e+00
2.226666666666667016e+00 0.000000000000000000e+00
2.229999999999999982e+00 0.000000000000000000e+00
2.233333333333333393e+00 0.000000000000000000e+00
2.236666666666666803e+00 0.000000000000000000e+00
2.240000000000000213e+00 0.000000000000000000e+00
2.243333333333333623e+00 0.000000000000000000e+00
2.246666666666666590e+00 0.000000000000000000e+00
2.250000000000000000e+00 0.000000000000000000e+00
2.253333333333333410e+00 0.000000000000000000e+00
2.256666666666666821e+00 0.000000000000000000e+00
2.260000000000000231e+00 0.000000000000000000e+00
2.263333333333333641e+00 0.000000000000000000e+00
2.266666666666666607e+00 0.000000000000000000e+00
2.270000000000000018e+00 0.000000000000000000e+00
2.273333333333333428e+00 0.000000000000000000e+00
2.276666666666666838e+00 0.000000000000000000e+00
2.280000000000000249e+00 0.000000000000000000e+00
2.283333333333333659e+00 0.000000000000000000e+00
2.286666666666666625e+00 0.000000000000000000e+00
2.290000000000000036e+00 0.000000000000000000e+00
2.293333333333333446e+00 0.000000000000000000e+00
2.296666666666666856e+00 0.000000000000000000e+00
2.300000000000000266e+00 0.000000000000000000e+00
2.303333333333333677e+00 0.000000000000000000e+00
2.306666666666666643e+00 0.000000000000000000e+00
2.310000000000000053e+00 0.000000000000000000e+00
2.313333333333333464e+00 0.000000000000000000e+00
2.316666666666666874e+00 0.000000000000000000e+00
2.320000000000000284e+00 0.000000000000000000e+00
2.323333333333333695e+00 0.000000000000000000e+00
2.326666666666666661e+00 0.000000000000000000e+00
2.330000000000000071e+00 0.000000000000000000e+00
2.333333333333333481e+00 0.000000000000000000e+00
2.336666666666666892e+00 0.000000000000000000e+00
2.340000000000000302e+00 0.000000000000000000e+00
2.343333333333333268e+00 0.000000000000000000e+00
2.346666666666666679e+00 0.000000000000000000e+00
2.350000000000000089e+00 0.000000000000000000e+00
2.353333333333333499e+00 0.000000000000000000e+00
2.356666666666666909e+00 0.000000000000000000e+00
2.360000000000000320e+00 0.000000000000000000e+00
2.363333333333333286e+00 0.000000000000000000e+00
2.366666666666666696e+00 0.000000000000000000e+00
2.370000000000000107e+00 0.000000000000000000e+00
2.373333333333333517e+00 0.000000000000000000e+00
2.376666666666666927e+00 0.000000000000000000e+00
2.380000000000000338e+00 0.000000000000000000e+00
2.383333333333333304e+00 0.000000000000000000e+00
2.386666666666666714e+00 0.000000000000000000e+00
2.390000000000000124e+00 0.000000000000000000e+00
2.393333333333333535e+00 0.000000000000000000e+00
2.396666666666666945e+00 0.000000000000000000e+00
2.400000000000000355e+00 0.000000000000000000e+00
2.403333333333333321e+00 0.000000000000000000e+00
2.406666666666666732e+00 0.000000000000000000e+00
2.410000000000000142e+00 0.000000000000000000e+00
2.413333333333333552e+00 0.000000000000000000e+00
2.416666666666666963e+00 0.000000000000000000e+00
2.420000000000000373e+00 0.000000000000000000e+00
2.423333333333333339e+00 0.000000000000000000e+00
2.426666666666666750e+00 0.000000000000000000e+00
2.430000000000000160e+00 0.000000000000000000e+00
2.433333333333333570e+00 0.000000000000000000e+00
2.436666666666666980e+00 0.000000000000000000e+00
2.439999999999999947e+00 0.000000000000000000e+00
2.443333333333333357e+00 0.000000000000000000e+00
2.446666666666666767e+00 0.000000000000000000e+00
2.450000000000000178e+00 0.000000000000000000e+00
2.453333333333333588e+00 0.000000000000000000e+00
2.456666666666666998e+00 0.000000000000000000e+00
2.459999999999999964e+00 0.000000000000000000e+00
2.463333333333333375e+00 0.000000000000000000e+00
2.466666666666666785e+00 0.000000000000000000e+00
2.470000000000000195e+00 0.000000000000000000e+00
2.473333333333333606e+00 0.000000000000000000e+00
2.476666666666667016e+00 0.000000000000000000e+00
2.479999999999999982e+00 0.000000000000000000e+00
2.483333333333333393e+00 0.000000000000000000e+00
2.486666666666666803e+00 0.000000000000000000e+00
2.490000000000000213e+00 0.000000000000000000e+00
2.493333333333333623e+00 0.000000000000000000e+00
2.496666666666667034e+00 0.000000000000000000e+00
2.500000000000000000e+00 0.000000000000000000e+00
2.503333333333333410e+00 0.000000000000000000e+00
2.506666666666666821e+00 0.000000000000000000e+00
2.510000000000000231e+00 0.000000000000000000e+00
2.513333333333333641e+00 0.000000000000000000e+00
2.516666666666666607e+00 0.000000000000000000e+00
2.520000000000000018e+00 0.000000000000000000e+00
2.523333333333333428e+00 0.000000000000000000e+00
2.526666666666666838e+00 0.000000000000000000e+00
2.530000000000000249e+00 0.000000000000000000e+00
2.533333333333333659e+00 0.000000000000000000e+00
2.536666666666666625e+00 0.000000000000000000e+00
2.540000000000000036e+00 0.000000000000000000e+00
2.543333333333333446e+00 0.000000000000000000e+00
2.546666666666666856e+00 0.000000000000000000e+00
2.550000000000000266e+00 0.000000000000000000e+00
2.553333333333333677e+00 0.000000000000000000e+00
2.556666666666666643e+00 0.000000000000000000e+00
2.560000000000000053e+00 0.000000000000000000e+00
2.563333333333333464e+00 0.000000000000000000e+00
2.566666666666666874e+00 0.000000000000000000e+00
2.570000000000000284e+00 0.000000000000000000e+00
2.573333333333333695e+00 0.000000000000000000e+00
2.576666666666666661e+00 0.000000000000000000e+00
2.580000000000000071e+00 0.000000000000000000e+00
2.583333333333333481e+00 0.000000000000000000e+00
2.586666666666666892e+00 0.000000000000000000e+00
2.590000000000000302e+00 0.000000000000000000e+00
2.593333333333333712e+00 0.000000000000000000e+00
2.596666666666666679e+00 0.000000000000000000e+00
2.600000000000000089e+00 0.000000000000000000e+00
2.603333333333333499e+00 0.000000000000000000e+00
2.606666666666666909e+00 0.000000000000000000e+00
2.610000000000000320e+00 0.000000000000000000e+00
2.613333333333333286e+00 0.000000000000000000e+00
2.616666666666666696e+00 0.000000000000000000e+00
2.620000000000000107e+00 0.000000000000000000e+00
2.623333333333333517e+00 0.000000000000000000e+00
2.626666666666666927e+00 0.000000000000000000e+00
2.630000000000000338e+00 0.000000000000000000e+00
2.633333333333333304e+00 0.000000000000000000e+00
2.636666666666666714e+00 0.000000000000000000e+00
2.640000000000000124e+00 0.000000000000000000e+00
2.643333333333333535e+00 0.000000000000000000e+00
2.646666666666666945e+00 0.000000000000000000e+00
2.650000000000000355e+00 0.000000000000000000e+00
2.653333333333333321e+00 0.000000000000000000e+00
2.656666666666666732e+00 0.000000000000000000e+00
2.660000000000000142e+00 0.000000000000000000e+00
2.663333333333333552e+00 0.000000000000000000e+00
2.666666666666666963e+00 0.000000000000000000e+00
2.670000000000000373e+00 0.000000000000000000e+00
2.673333333333333339e+00 0.000000000000000000e+00
2.676666666666666750e+00 0.000000000000000000e+00
2.680000000000000160e+00 0.000000000000000000e+00
2.683333333333333570e+00 0.000000000000000000e+00
2.686666666666666980e+00 0.000000000000000000e+00
2.690000000000000391e+00 0.000000000000000000e+00
2.693333333333333357e+00 0.000000000000000000e+00
2.696666666666666767e+00 0.000000000000000000e+00
2.700000000000000178e+00 0.000000000000000000e+00
2.703333333333333588e+00 0.000000000000000000e+00
2.706666666666666998e+00 0.000000000000000000e+00
2.709999999999999964e+00 0.000000000000000000e+00
2.713333333333333375e+00 0.000000000000000000e+00
2.716666666666666785e+00 0.000000000000000000e+00
2.720000000000000195e+00 0.000000000000000000e+00
2.723333333333333606e+00 0.000000000000000000e+00
2.726666666666667016e+00 0.000000000000000000e+00
2.729999999999999982e+00 0.000000000000000000e+00
2.733333333333333393e+00 0.000000000000000000e+00
2.736666666666666803e+00 0.000000000000000000e+00
2.740000000000000213e+00 0.000000000000000000e+00
2.743333333333333623e+00 0.000000000000000000e+00
2.746666666666667034e+00 0.000000000000000000e+00
2.750000000000000000e+00 0.000000000000000000e+00
2.753333333333333410e+00 0.000000000000000000e+00
2.756666666666666821e+00 0.000000000000000000e+00
2.760000000000000231e+00 0.000000000000000000e+00
2.763333333333333641e+00 0.000000000000000000e+00
2.766666666666667052e+00 0.000000000000000000e+00
2.770000000000000018e+00 0.000000000000000000e+00
2.773333333333333428e+00 0.000000000000000000e+00
2.776666666666666838e+00 0.000000000000000000e+00
2.780000000000000249e+00 0.000000000000000000e+00
2.783333333333333659e+00 0.000000000000000000e+00
2.786666666666666625e+00 0.000000000000000000e+00
2.790000000000000036e+00 0.000000000000000000e+00
2.793333333333333446e+00 0.000000000000000000e+00
2.796666666666666856e+00 0.000000000000000000e+00
2.800000000000000266e+00 0.000000000000000000e+00
2.803333333333333677e+00 0.000000000000000000e+00
2.806666666666666643e+00 0.000000000000000000e+00
2.810000000000000053e+00 0.000000000000000000e+00
2.813333333333333464e+00 0.000000000000000000e+00
2.816666666666666874e+00 0.000000000000000000e+00
2.820000000000000284e+00 0.000000000000000000e+00
2.823333333333333695e+00 0.000000000000000000e+00
2.826666666666666661e+00 0.000000000000000000e+00
2.830000000000000071e+00 0.000000000000000000e+00
2.833333333333333481e+00 0.000000000000000000e+00
2.836666666666666892e+00 0.000000000000000000e+00
2.840000000000000302e+00 0.000000000000000000e+00
2.843333333333333712e+00 0.000000000000000000e+00
2.846666666666666679e+00 0.000000000000000000e+00
2.850000000000000089e+00 0.000000000000000000e+00
2.853333333333333499e+00 0.000000000000000000e+00
2.856666666666666909e+00 0.000000000000000000e+00
2.860000000000000320e+00 0.000000000000000000e+00
2.863333333333333730e+00 0.000000000000000000e+00
2.866666666666666696e+00 0.000000000000000000e+00
2.870000000000000107e+00 0.000000000000000000e+00
2.873333333333333517e+00 0.000000000000000000e+00
2.876666666666666927e+00 0.000000000000000000e+00
2.880000000000000338e+00 0.000000000000000000e+00
2.883333333333333304e+00 0.000000000000000000e+00
2.886666666666666714e+00 0.000000000000000000e+00
2.890000000000000124e+00 0.000000000000000000e+00
2.893333333333333535e+00 0.000000000000000000e+00
2.896666666666666945e+00 0.000000000000000000e+00
2.900000000000000355e+00 0.000000000000000000e+00
2.903333333333333321e+00 0.000000000000000000e+00
2.906666666666666732e+00 0.000000000000000000e+00
2.910000000000000142e+00 0.000000000000000000e+00
2.913333333333333552e+00 0.000000000000000000e+00
2.916666666666666963e+00 0.000000000000000000e+00
2.920000000000000373e+00 0.000000000000000000e+00
2.923333333333333339e+00 0.000000000000000000e+00
2.926666666666666750e+00 0.000000000000000000e+00
2.930000000000000160e+00 0.000000000000000000e+00
2.933333333333333570e+00 0.000000000000000000e+00
2.936666666666666980e+00 0.000000000000000000e+00
2.940000000000000391e+00 0.000000000000000000e+00
2.943333333333333357e+00 0.000000000000000000e+00
2.946666666666666767e+00 0.000000000000000000e+00
2.950000000000000178e+00 0.000000000000000000e+00
2.953333333333333588e+00 0.000000000000000000e+00
2.956666666666666998e+00 0.000000000000000000e+00
2.960000000000000409e+00 0.000000000000000000e+00
2.963333333333333375e+00 0.000000000000000000e+00
2.966666666666666785e+00 0.000000000000000000e+00
2.970000000000000195e+00 0.000000000000000000e+00
2.973333333333333606e+00 0.000000000000000000e+00
2.976666666666667016e+00 0.000000000000000000e+00
2.979999999999999982e+00 0.000000000000000000e+00
2.983333333333333393e+00 0.000000000000000000e+00
2.986666666666666803e+00 0.000000000000000000e+00
2.990000000000000213e+00 0.000000000000000000e+00
2.993333333333333623e+00 0.000000000000000000e+00
2.996666666666667034e+00 0.000000000000000000e+00
3.000000000000000000e+00 0.000000000000000000e+00
3.003333333333333410e+00 0.000000000000000000e+00
3.006666666666666821e+00 0.000000000000000000e+00
3.010000000000000231e+00 0.000000000000000000e+00
3.013333333333333641e+00 0.000000000000000000e+00
3.016666666666667052e+00 0.000000000000000000e+00
3.020000000000000018e+00 0.000000000000000000e+00
3.023333333333333428e+00 0.000000000000000000e+00
3.026666666666666838e+00 0.000000000000000000e+00
3.030000000000000249e+00 0.000000000000000000e+00
3.033333333333333659e+00 0.000000000000000000e+00
3.036666666666667069e+00 0.000000000000000000e+00
3.040000000000000036e+00 0.000000000000000000e+00
3.043333333333333446e+00 0.000000000000000000e+00
3.046666666666666856e+00 0.000000000000000000e+00
3.050000000000000266e+00 0.000000000000000000e+00
3.053333333333333677e+00 0.000000000000000000e+00
3.056666666666666643e+00 0.000000000000000000e+00
3.060000000000000053e+00 0.000000000000000000e+00
3.063333333333333464e+00 0.000000000000000000e+00
3.066666666666666874e+00 0.000000000000000000e+00
3.070000000000000284e+00 0.000000000000000000e+00
3.073333333333333695e+00 0.000000000000000000e+00
3.076666666666666661e+00 0.000000000000000000e+00
3.080000000000000071e+00 0.000000000000000000e+00
3.083333333333333481e+00 0.000000000000000000e+00
3.086666666666666892e+00 0.000000000000000000e+00
3.090000000000000302e+00 0.000000000000000000e+00
3.093333333333333712e+00 0.000000000000000000e+00
3.096666666666666679e+00 0.000000000000000000e+00
3.100000000000000089e+00 0.000000000000000000e+00
3.103333333333333499e+00 0.000000000000000000e+00
3.106666666666666909e+00 0.000000000000000000e+00
3.110000000000000320e+00 0.000000000000000000e+00
3.113333333333333730e+00 0.000000000000000000e+00
3.116666666666666696e+00 0.000000000000000000e+00
3.120000000000000107e+00 0.000000000000000000e+00
3.123333333333333517e+00 0.000000000000000000e+00
3.126666666666666927e+00 0.000000000000000000e+00
3.130000000000000338e+00 0.000000000000000000e+00
3.133333333333333748e+00 0.000000000000000000e+00
3.136666666666666714e+00 0.000000000000000000e+00
3.140000000000000124e+00 0.000000000000000000e+00
3.143333333333333535e+00 0.000000000000000000e+00
3.146666666666666945e+00 0.000000000000000000e+00
3.150000000000000355e+00 0.000000000000000000e+00
3.153333333333333321e+00 0.000000000000000000e+00
3.156666666666666732e+00 0.000000000000000000e+00
3.160000000000000142e+00 0.000000000000000000e+00
3.163333333333333552e+00 0.000000000000000000e+00
3.166666666666666963e+00 0.000000000000000000e+00
3.170000000000000373e+00 0.000000000000000000e+00
3.173333333333333339e+00 0.000000000000000000e+00
3.176666666666666750e+00 0.000000000000000000e+00
3.180000000000000160e+00 0.000000000000000000e+00
3.183333333333333570e+00 0.000000000000000000e+00
3.186666666666666980e+00 0.000000000000000000e+00
3.190000000000000391e+00 0.000000000000000000e+00
3.193333333333333357e+00 0.000000000000000000e+00
3.196666666666666767e+00 0.000000000000000000e+00
3.200000000000000178e+00 0.000000000000000000e+00
3.203333333333333588e+00 0.000000000000000000e+00
3.206666666666666998e+00 0.000000000000000000e+00
3.210000000000000409e+00 0.000000000000000000e+00
3.213333333333333375e+00 0.000000000000000000e+00
3.216666666666666785e+00 0.000000000000000000e+00
3.220000000000000195e+00 0.000000000000000000e+00
3.223333333333333606e+00 0.000000000000000000e+00
3.226666666666667016e+00 0.000000000000000000e+00
3.230000000000000426e+00 0.000000000000000000e+00
3.233333333333333393e+00 0.000000000000000000e+00
3.236666666666666803e+00 0.000000000000000000e+00
3.240000000000000213e+00 0.000000000000000000e+00
3.243333333333333623e+00 0.000000000000000000e+00
3.246666666666667034e+00 0.000000000000000000e+00
3.250000000000000000e+00 0.000000000000000000e+00
3.253333333333333410e+00 0.000000000000000000e+00
3.256666666666666821e+00 0.000000000000000000e+00
3.260000000000000231e+00 0.000000000000000000e+00
3.263333333333333641e+00 0.000000000000000000e+00
3.266666666666667052e+00 0.000000000000000000e+00
3.270000000000000018e+00 0.000000000000000000e+00
3.273333333333333428e+00 0.000000000000000000e+00
3.276666666666666838e+00 0.000000000000000000e+00
3.280000000000000249e+00 0.000000000000000000e+00
3.283333333333333659e+00 0.000000000000000000e+00
3.286666666666667069e+00 0.000000000000000000e+00
3.290000000000000036e+00 0.000000000000000000e+00
3.293333333333333446e+00 0.000000000000000000e+00
3.296666666666666856e+00 0.000000000000000000e+00
3.300000000000000266e+00 0.000000000000000000e+00
3.303333333333333677e+00 0.000000000000000000e+00
3.306666666666667087e+00 0.000000000000000000e+00
3.310000000000000053e+00 0.000000000000000000e+00
3.313333333333333464e+00 0.000000000000000000e+00
3.316666666666666874e+00 0.000000000000000000e+00
3.320000000000000284e+00 0.000000000000000000e+00
3.323333333333333695e+00 0.000000000000000000e+00
3.326666666666666661e+00 0.000000000000000000e+00
3.330000000000000071e+00 0.000000000000000000e+00
3.333333333333333481e+00 0.000000000000000000e+00
3.336666666666666892e+00 0.000000000000000000e+00
3.340000000000000302e+00 0.000000000000000000e+00
3.343333333333333712e+00 0.000000000000000000e+00
3.346666666666666679e+00 0.000000000000000000e+00
3.350000000000000089e+00 0.000000000000000000e+00
3.353333333333333499e+00 0.000000000000000000e+00
3.356666666666666909e+00 0.000000000000000000e+00
3.360000000000000320e+00 0.000000000000000000e+00
3.363333333333333730e+00 0.000000000000000000e+00
3.366666666666666696e+00 0.000000000000000000e+00
3.370000000000000107e+00 0.000000000000000000e+00
3.373333333333333517e+00 0.000000000000000000e+00
3.376666666666666927e+00 0.000000000000000000e+00
3.380000000000000338e+00 0.000000000000000000e+00
3.383333333333333748e+00 0.000000000000000000e+00
3.386666666666666714e+00 0.000000000000000000e+00
3.390000000000000124e+00 0.000000000000000000e+00
3.393333333333333535e+00 0.000000000000000000e+00
3.396666666666666945e+00 0.000000000000000000e+00
3.400000000000000355e+00 0.000000000000000000e+00
3.403333333333333766e+00 0.000000000000000000e+00
3.406666666666666732e+00 0.000000000000000000e+00
3.410000000000000142e+00 0.000000000000000000e+00
3.413333333333333552e+00 0.000000000000000000e+00
3.416666666666666963e+00 0.000000000000000000e+00
3.420000000000000373e+00 0.000000000000000000e+00
3.423333333333333339e+00 0.000000000000000000e+00
3.426666666666666750e+00 0.000000000000000000e+00
3.430000000000000160e+00 0.000000000000000000e+00
3.433333333333333570e+00 0.000000000000000000e+00
3.436666666666666980e+00 0.000000000000000000e+00
3.440000000000000391e+00 0.000000000000000000e+00
3.443333333333333357e+00 0.000000000000000000e+00
3.446666666666666767e+00 0.000000000000000000e+00
3.450000000000000178e+00 0.000000000000000000e+00
3.453333333333333588e+00 0.000000000000000000e+00
3.456666666666666998e+00 0.000000000000000000e+00
3.460000000000000409e+00 0.000000000000000000e+00
3.463333333333333375e+00 0.000000000000000000e+00
3.466666666666666785e+00 0.000000000000000000e+00
3.470000000000000195e+00 0.000000000000000000e+00
3.473333333333333606e+00 0.000000000000000000e+00
3.476666666666667016e+00 0.000000000000000000e+00
3.480000000000000426e+00 0.000000000000000000e+00
3.483333333333333393e+00 0.000000000000000000e+00
3.486666666666666803e+00 0.000000000000000000e+00
3.490000000000000213e+00 0.000000000000000000e+00
3.493333333333333623e+00 0.000000000000000000e+00
3.496666666666667034e+00 0.000000000000000000e+00
3.500000000000000444e+00 0.000000000000000000e+00
3.503333333333333410e+00 0.000000000000000000e+00
3.506666666666666821e+00 0.000000000000000000e+00
3.510000000000000231e+00 0.000000000000000000e+00
3.513333333333333641e+00 0.000000000000000000e+00
3.516666666666667052e+00 0.000000000000000000e+00
3.520000000000000018e+00 0.000000000000000000e+00
3.523333333333333428e+00 0.000000000000000000e+00
3.526666666666666838e+00 0.000000000000000000e+00
3.530000000000000249e+00 0.000000000000000000e+00
3.533333333333333659e+00 0.000000000000000000e+00
3.536666666666667069e+00 0.000000000000000000e+00
3.540000000000000036e+00 0.000000000000000000e+00
3.543333333333333446e+00 0.000000000000000000e+00
3.546666666666666856e+00 0.000000000000000000e+00
3.550000000000000266e+00 0.000000000000000000e+00
3.553333333333333677e+00 0.000000000000000000e+00
3.556666666666667087e+00 0.000000000000000000e+00
3.560000000000000053e+00 0.000000000000000000e+00
3.563333333333333464e+00 0.000000000000000000e+00
3.566666666666666874e+00 0.000000000000000000e+00
3.570000000000000284e+00 0.000000000000000000e+00
3.573333333333333695e+00 0.000000000000000000e+00
3.576666666666667105e+00 0.000000000000000000e+00
3.580000000000000071e+00 0.000000000000000000e+00
3.583333333333333481e+00 0.000000000000000000e+00
3.586666666666666892e+00 0.000000000000000000e+00
3.590000000000000302e+00 0.000000000000000000e+00
3.593333333333333712e+00 0.000000000000000000e+00
3.596666666666666679e+00 0.000000000000000000e+00
3.600000000000000089e+00 0.000000000000000000e+00
3.603333333333333499e+00 0.000000000000000000e+00
3.606666666666666909e+00 0.000000000000000000e+00
3.610000000000000320e+00 0.000000000000000000e+00
3.613333333333333730e+00 0.000000000000000000e+00
3.616666666666666696e+00 0.000000000000000000e+00
3.620000000000000107e+00 0.000000000000000000e+00
3.623333333333333517e+00 0.000000000000000000e+00
3.626666666666666927e+00 0.000000000000000000e+00
3.630000000000000338e+00 0.000000000000000000e+00
3.633333333333333748e+00 0.000000000000000000e+00
3.636666666666666714e+00 0.000000000000000000e+00
3.640000000000000124e+00 0.000000000000000000e+00
3.643333333333333535e+00 0.000000000000000000e+00
3.646666666666666945e+00 0.000000000000000000e+00
3.650000000000000355e+00 0.000000000000000000e+00
3.653333333333333766e+00 0.000000000000000000e+00
3.656666666666666732e+00 0.000000000000000000e+00
3.660000000000000142e+00 0.000000000000000000e+00
3.663333333333333552e+00 0.000000000000000000e+00
3.666666666666666963e+00 0.000000000000000000e+00
3.670000000000000373e+00 0.000000000000000000e+00
3.673333333333333783e+00 0.000000000000000000e+00
3.676666666666666750e+00 0.000000000000000000e+00
3.680000000000000160e+00 0.000000000000000000e+00
3.683333333333333570e+00 0.000000000000000000e+00
3.686666666666666980e+00 0.000000000000000000e+00
3.690000000000000391e+00 0.000000000000000000e+00
3.693333333333333357e+00 0.000000000000000000e+00
3.696666666666666767e+00 0.000000000000000000e+00
3.700000000000000178e+00 0.000000000000000000e+00
3.703333333333333588e+00 0.000000000000000000e+00
3.706666666666666998e+00 0.000000000000000000e+00
3.710000000000000409e+00 0.000000000000000000e+00
3.713333333333333375e+00 0.000000000000000000e+00
3.716666666666666785e+00 0.000000000000000000e+00
3.720000000000000195e+00 0.000000000000000000e+00
3.723333333333333606e+00 0.000000000000000000e+00
3.726666666666667016e+00 0.000000000000000000e+00
3.730000000000000426e+00 0.000000000000000000e+00
3.733333333333333393e+00 0.000000000000000000e+00
3.736666666666666803e+00 0.000000000000000000e+00
3.740000000000000213e+00 0.000000000000000000e+00
3.743333333333333623e+00 0.000000000000000000e+00
3.746666666666667034e+00 0.000000000000000000e+00
3.750000000000000444e+00 0.000000000000000000e+00
3.753333333333333410e+00 0.000000000000000000e+00
3.756666666666666821e+00 0.000000000000000000e+00
3.760000000000000231e+00 0.000000000000000000e+00
3.763333333333333641e+00 0.000000000000000000e+00
3.766666666666667052e+00 0.000000000000000000e+00
3.770000000000000462e+00 0.000000000000000000e+00
3.773333333333333428e+00 0.000000000000000000e+00
3.776666666666666838e+00 0.000000000000000000e+00
3.780000000000000249e+00 0.000000000000000000e+00
3.783333333333333659e+00 0.000000000000000000e+00
3.786666666666667069e+00 0.000000000000000000e+00
3.790000000000000036e+00 0.000000000000000000e+00
3.793333333333333446e+00 0.000000000000000000e+00
3.796666666666666856e+00 0.000000000000000000e+00
3.800000000000000266e+00 0.000000000000000000e+00
3.803333333333333677e+00 0.000000000000000000e+00
3.806666666666667087e+00 0.000000000000000000e+00
3.810000000000000053e+00 0.000000000000000000e+00
3.813333333333333464e+00 0.000000000000000000e+00
3.816666666666666874e+00 0.000000000000000000e+00
3.820000000000000284e+00 0.000000000000000000e+00
3.823333333333333695e+00 0.000000000000000000e+00
3.826666666666667105e+00 0.000000000000000000e+00
3.830000000000000071e+00 0.000000000000000000e+00
3.833333333333333481e+00 0.000000000000000000e+00
3.836666666666666892e+00 0.000000000000000000e+00
3.840000000000000302e+00 0.000000000000000000e+00
3.843333333333333712e+00 0.000000000000000000e+00
3.846666666666667123e+00 0.000000000000000000e+00
3.850000000000000089e+00 0.000000000000000000e+00
3.853333333333333499e+00 0.000000000000000000e+00
3.856666666666666909e+00 0.000000000000000000e+00
3.860000000000000320e+00 0.000000000000000000e+00
3.863333333333333730e+00 0.000000000000000000e+00
3.866666666666666696e+00 0.000000000000000000e+00
3.870000000000000107e+00 0.000000000000000000e+00
3.873333333333333517e+00 0.000000000000000000e+00
3.876666666666666927e+00 0.000000000000000000e+00
3.880000000000000338e+00 0.000000000000000000e+00
3.883333333333333748e+00 0.000000000000000000e+00
3.886666666666666714e+00 0.000000000000000000e+00
3.890000000000000124e+00 0.000000000000000000e+00
3.893333333333333535e+00 0.000000000000000000e+00
3.896666666666666945e+00 0.000000000000000000e+00
3.900000000000000355e+00 0.000000000000000000e+00
3.903333333333333766e+00 0.000000000000000000e+00
3.906666666666666732e+00 0.000000000000000000e+00
3.910000000000000142e+00 0.000000000000000000e+00
3.913333333333333552e+00 0.000000000000000000e+00
3.916666666666666963e+00 0.000000000000000000e+00
3.920000000000000373e+00 0.000000000000000000e+00
3.923333333333333783e+00 0.000000000000000000e+00
3.926666666666666750e+00 0.000000000000000000e+00
3.930000000000000160e+00 0.000000000000000000e+00
3.933333333333333570e+00 0.000000000000000000e+00
3.936666666666666980e+00 0.000000000000000000e+00
3.940000000000000391e+00 0.000000000000000000e+00
3.943333333333333801e+00 0.000000000000000000e+00
3.946666666666666767e+00 0.000000000000000000e+00
3.950000000000000178e+00 0.000000000000000000e+00
3.953333333333333588e+00 0.000000000000000000e+00
3.956666666666666998e+00 0.000000000000000000e+00
3.960000000000000409e+00 0.000000000000000000e+00
3.963333333333333375e+00 0.000000000000000000e+00
3.966666666666666785e+00 0.000000000000000000e+00
3.970000000000000195e+00 0.000000000000000000e+00
3.973333333333333606e+00 0.000000000000000000e+00
3.976666666666667016e+00 0.000000000000000000e+00
3.980000000000000426e+00 0.000000000000000000e+00
3.983333333333333393e+00 0.000000000000000000e+00
3.986666666666666803e+00 0.000000000000000000e+00
3.990000000000000213e+00 0.000000000000000000e+00
3.993333333333333623e+00 0.000000000000000000e+00
3.996666666666667034e+00 0.000000000000000000e+00
4.000000000000000000e+00 0.000000000000000000e+00
4.003333333333333854e+00 0.000000000000000000e+00
4.006666666666666821e+00 0.000000000000000000e+00
4.010000000000000675e+00 0.000000000000000000e+00
4.013333333333333641e+00 0.000000000000000000e+00
4.016666666666666607e+00 0.000000000000000000e+00
4.020000000000000462e+00 0.000000000000000000e+00
4.023333333333333428e+00 0.000000000000000000e+00
4.026666666666667282e+00 0.000000000000000000e+00
4.030000000000000249e+00 0.000000000000000000e+00
4.033333333333333215e+00 0.000000000000000000e+00
4.036666666666667069e+00 0.000000000000000000e+00
4.040000000000000036e+00 0.000000000000000000e+00
4.043333333333333890e+00 0.000000000000000000e+00
4.046666666666666856e+00 0.000000000000000000e+00
4.049999999999999822e+00 0.000000000000000000e+00
4.053333333333333677e+00 0.000000000000000000e+00
4.056666666666666643e+00 0.000000000000000000e+00
4.060000000000000497e+00 0.000000000000000000e+00
4.063333333333333464e+00 0.000000000000000000e+00
4.066666666666667318e+00 0.000000000000000000e+00
4.070000000000000284e+00 0.000000000000000000e+00
4.073333333333333250e+00 0.000000000000000000e+00
4.076666666666667105e+00 0.000000000000000000e+00
4.080000000000000071e+00 0.000000000000000000e+00
4.083333333333333925e+00 0.000000000000000000e+00
4.086666666666666892e+00 0.000000000000000000e+00
4.089999999999999858e+00 0.000000000000000000e+00
4.093333333333333712e+00 0.000000000000000000e+00
4.096666666666666679e+00 0.000000000000000000e+00
4.100000000000000533e+00 0.000000000000000000e+00
4.103333333333333499e+00 0.000000000000000000e+00
4.106666666666667354e+00 0.000000000000000000e+00
4.110000000000000320e+00 0.000000000000000000e+00
4.113333333333333286e+00 0.000000000000000000e+00
4.116666666666667140e+00 0.000000000000000000e+00
4.120000000000000107e+00 0.000000000000000000e+00
4.123333333333333961e+00 0.000000000000000000e+00
4.126666666666666927e+00 0.000000000000000000e+00
4.129999999999999893e+00 0.000000000000000000e+00
4.133333333333333748e+00 0.000000000000000000e+00
4.136666666666666714e+00 0.000000000000000000e+00
4.140000000000000568e+00 0.000000000000000000e+00
4.143333333333333535e+00 0.000000000000000000e+00
4.146666666666666501e+00 0.000000000000000000e+00
4.150000000000000355e+00 0.000000000000000000e+00
4.153333333333333321e+00 0.000000000000000000e+00
4.156666666666667176e+00 0.000000000000000000e+00
4.160000000000000142e+00 0.000000000000000000e+00
4.163333333333333997e+00 0.000000000000000000e+00
4.166666666666666963e+00 0.000000000000000000e+00
4.169999999999999929e+00 0.000000000000000000e+00
4.173333333333333783e+00 0.000000000000000000e+00
4.176666666666666750e+00 0.000000000000000000e+00
4.180000000000000604e+00 0.000000000000000000e+00
4.183333333333333570e+00 0.000000000000000000e+00
4.186666666666666536e+00 0.000000000000000000e+00
4.190000000000000391e+00 0.000000000000000000e+00
4.193333333333333357e+00 0.000000000000000000e+00
4.196666666666667211e+00 0.000000000000000000e+00
4.200000000000000178e+00 0.000000000000000000e+00
4.203333333333334032e+00 0.000000000000000000e+00
4.206666666666666998e+00 0.000000000000000000e+00
4.209999999999999964e+00 0.000000000000000000e+00
4.213333333333333819e+00 0.000000000000000000e+00
4.216666666666666785e+00 0.000000000000000000e+00
4.220000000000000639e+00 0.000000000000000000e+00
4.223333333333333606e+00 0.000000000000000000e+00
4.226666666666666572e+00 0.000000000000000000e+00
4.230000000000000426e+00 0.000000000000000000e+00
4.233333333333333393e+00 0.000000000000000000e+00
4.236666666666667247e+00 0.000000000000000000e+00
4.240000000000000213e+00 0.000000000000000000e+00
4.243333333333333179e+00 0.000000000000000000e+00
4.246666666666667034e+00 0.000000000000000000e+00
4.250000000000000000e+00 0.000000000000000000e+00
4.253333333333333854e+00 0.000000000000000000e+00
4.256666666666666821e+00 0.000000000000000000e+00
4.260000000000000675e+00 0.000000000000000000e+00
4.263333333333333641e+00 0.000000000000000000e+00
4.266666666666666607e+00 0.000000000000000000e+00
4.270000000000000462e+00 0.000000000000000000e+00
4.273333333333333428e+00 0.000000000000000000e+00
4.276666666666667282e+00 0.000000000000000000e+00
4.280000000000000249e+00 0.000000000000000000e+00
4.283333333333333215e+00 0.000000000000000000e+00
4.286666666666667069e+00 0.000000000000000000e+00
4.290000000000000036e+00 0.000000000000000000e+00
4.293333333333333890e+00 0.000000000000000000e+00
4.296666666666666856e+00 0.000000000000000000e+00
4.300000000000000711e+00 0.000000000000000000e+00
4.303333333333333677e+00 0.000000000000000000e+00
4.306666666666666643e+00 0.000000000000000000e+00
4.310000000000000497e+00 0.000000000000000000e+00
4.313333333333333464e+00 0.000000000000000000e+00
4.316666666666667318e+00 0.000000000000000000e+00
4.320000000000000284e+00 0.000000000000000000e+00
4.323333333333333250e+00 0.000000000000000000e+00
4.326666666666667105e+00 0.000000000000000000e+00
4.330000000000000071e+00 0.000000000000000000e+00
4.333333333333333925e+00 0.000000000000000000e+00
4.336666666666666892e+00 0.000000000000000000e+00
4.339999999999999858e+00 0.000000000000000000e+00
4.343333333333333712e+00 0.000000000000000000e+00
4.346666666666666679e+00 0.000000000000000000e+00
4.350000000000000533e+00 0.000000000000000000e+00
4.353333333333333499e+00 0.000000000000000000e+00
4.356666666666667354e+00 0.000000000000000000e+00
4.360000000000000320e+00 0.000000000000000000e+00
4.363333333333333286e+00 0.000000000000000000e+00
4.366666666666667140e+00 0.000000000000000000e+00
4.370000000000000107e+00 0.000000000000000000e+00
4.373333333333333961e+00 0.000000000000000000e+00
4.376666666666666927e+00 0.000000000000000000e+00
4.379999999999999893e+00 0.000000000000000000e+00
4.383333333333333748e+00 0.000000000000000000e+00
4.386666666666666714e+00 0.000000000000000000e+00
4.390000000000000568e+00 0.000000000000000000e+00
4.393333333333333535e+00 0.000000000000000000e+00
4.396666666666667389e+00 0.000000000000000000e+00
4.400000000000000355e+00 0.000000000000000000e+00
4.403333333333333321e+00 0.000000000000000000e+00
4.406666666666667176e+00 0.000000000000000000e+00
4.410000000000000142e+00 0.000000000000000000e+00
4.413333333333333997e+00 0.000000000000000000e+00
4.416666666666666963e+00 0.000000000000000000e+00
4.419999999999999929e+00 0.000000000000000000e+00
4.423333333333333783e+00 0.000000000000000000e+00
4.426666666666666750e+00 0.000000000000000000e+00
4.430000000000000604e+00 0.000000000000000000e+00
4.433333333333333570e+00 0.000000000000000000e+00
4.436666666666666536e+00 0.000000000000000000e+00
4.440000000000000391e+00 0.000000000000000000e+00
4.443333333333333357e+00 0.000000000000000000e+00
4.446666666666667211e+00 0.000000000000000000e+00
4.450000000000000178e+00 0.000000000000000000e+00
4.453333333333334032e+00 0.000000000000000000e+00
4.456666666666666998e+00 0.000000000000000000e+00
4.459999999999999964e+00 0.000000000000000000e+00
4.463333333333333819e+00 0.000000000000000000e+00
4.466666666666666785e+00 0.000000000000000000e+00
4.470000000000000639e+00 0.000000000000000000e+00
4.473333333333333606e+00 0.000000000000000000e+00
4.476666666666666572e+00 0.000000000000000000e+00
4.480000000000000426e+00 0.000000000000000000e+00
4.483333333333333393e+00 0.000000000000000000e+00
4.486666666666667247e+00 0.000000000000000000e+00
4.490000000000000213e+00 0.000000000000000000e+00
4.493333333333333179e+00 0.000000000000000000e+00
4.496666666666667034e+00 0.000000000000000000e+00
4.500000000000000000e+00 0.000000000000000000e+00
4.503333333333333854e+00 0.000000000000000000e+00
4.506666666666666821e+00 0.000000000000000000e+00
4.510000000000000675e+00 0.000000000000000000e+00
4.513333333333333641e+00 0.000000000000000000e+00
4.516666666666666607e+00 0.000000000000000000e+00
4.520000000000000462e+00 0.000000000000000000e+00
4.523333333333333428e+00 0.000000000000000000e+00
4.526666666666667282e+00 0.000000000000000000e+00
4.530000000000000249e+00 0.000000000000000000e+00
4.533333333333333215e+00 0.000000000000000000e+00
4.536666666666667069e+00 0.000000000000000000e+00
4.540000000000000036e+00 0.000000000000000000e+00
4.543333333333333890e+00 0.000000000000000000e+00
4.546666666666666856e+00 0.000000000000000000e+00
4.550000000000000711e+00 0.000000000000000000e+00
4.553333333333333677e+00 0.000000000000000000e+00
4.556666666666666643e+00 0.000000000000000000e+00
4.560000000000000497e+00 0.000000000000000000e+00
4.563333333333333464e+00 0.000000000000000000e+00
4.566666666666667318e+00 0.000000000000000000e+00
4.570000000000000284e+00 0.000000000000000000e+00
4.573333333333333250e+00 0.000000000000000000e+00
4.576666666666667105e+00 0.000000000000000000e+00
4.580000000000000071e+00 0.000000000000000000e+00
4.583333333333333925e+00 0.000000000000000000e+00
4.586666666666666892e+00 0.000000000000000000e+00
4.589999999999999858e+00 0.000000000000000000e+00
4.593333333333333712e+00 0.000000000000000000e+00
4.596666666666666679e+00 0.000000000000000000e+00
4.600000000000000533e+00 0.000000000000000000e+00
4.603333333333333499e+00 0.000000000000000000e+00
4.606666666666667354e+00 0.000000000000000000e+00
4.610000000000000320e+00 0.000000000000000000e+00
4.613333333333333286e+00 0.000000000000000000e+00
4.616666666666667140e+00 0.000000000000000000e+00
4.620000000000000107e+00 0.000000000000000000e+00
4.623333333333333961e+00 0.000000000000000000e+00
4.626666666666666927e+00 0.000000000000000000e+00
4.629999999999999893e+00 0.000000000000000000e+00
4.633333333333333748e+00 0.000000000000000000e+00
4.636666666666666714e+00 0.000000000000000000e+00
4.640000000000000568e+00 0.000000000000000000e+00
4.643333333333333535e+00 0.000000000000000000e+00
4.646666666666667389e+00 0.000000000000000000e+00
4.650000000000000355e+00 0.000000000000000000e+00
4.653333333333333321e+00 0.000000000000000000e+00
4.656666666666667176e+00 0.000000000000000000e+00
4.660000000000000142e+00 0.000000000000000000e+00
4.663333333333333997e+00 0.000000000000000000e+00
4.666666666666666963e+00 0.000000000000000000e+00
4.669999999999999929e+00 0.000000000000000000e+00
4.673333333333333783e+00 0.000000000000000000e+00
4.676666666666666750e+00 0.000000000000000000e+00
4.680000000000000604e+00 0.000000000000000000e+00
4.683333333333333570e+00 0.000000000000000000e+00
4.686666666666666536e+00 0.000000000000000000e+00
4.690000000000000391e+00 0.000000000000000000e+00
4.693333333333333357e+00 0.000000000000000000e+00
4.696666666666667211e+00 0.000000000000000000e+00
4.700000000000000178e+00 0.000000000000000000e+00
4.703333333333334032e+00 0.000000000000000000e+00
4.706666666666666998e+00 0.000000000000000000e+00
4.709999999999999964e+00 0.000000000000000000e+00
4.713333333333333819e+00 0.000000000000000000e+00
4.716666666666666785e+00 0.000000000000000000e+00
4.720000000000000639e+00 0.000000000000000000e+00
4.723333333333333606e+00 0.000000000000000000e+00
4.726666666666666572e+00 0.000000000000000000e+00
4.730000000000000426e+00 0.000000000000000000e+00
4.733333333333333393e+00 0.000000000000000000e+00
4.736666666666667247e+00 0.000000000000000000e+00
4.740000000000000213e+00 0.000000000000000000e+00
4.743333333333334068e+00 0.000000000000000000e+00
4.746666666666667034e+00 0.000000000000000000e+00
4.750000000000000000e+00 0.000000000000000000e+00
4.753333333333333854e+00 0.000000000000000000e+00
4.756666666666666821e+00 0.000000000000000000e+00
4.760000000000000675e+00 0.000000000000000000e+00
4.763333333333333641e+00 0.000000000000000000e+00
4.766666666666666607e+00 0.000000000000000000e+00
4.770000000000000462e+00 0.000000000000000000e+00
4.773333333333333428e+00 0.000000000000000000e+00
4.776666666666667282e+00 0.000000000000000000e+00
4.780000000000000249e+00 0.000000000000000000e+00
4.783333333333333215e+00 0.000000000000000000e+00
4.786666666666667069e+00 0.000000000000000000e+00
4.790000000000000036e+00 0.000000000000000000e+00
4.793333333333333890e+00 0.000000000000000000e+00
4.796666666666666856e+00 0.000000000000000000e+00
4.800000000000000711e+00 0.000000000000000000e+00
4.803333333333333677e+00 0.000000000000000000e+00
4.806666666666666643e+00 0.000000000000000000e+00
4.810000000000000497e+00 0.000000000000000000e+00
4.813333333333333464e+00 0.000000000000000000e+00
4.816666666666667318e+00 0.000000000000000000e+00
4.820000000000000284e+00 0.000000000000000000e+00
4.823333333333333250e+00 0.000000000000000000e+00
4.826666666666667105e+00 0.000000000000000000e+00
4.830000000000000071e+00 0.000000000000000000e+00
4.833333333333333925e+00 0.000000000000000000e+00
4.836666666666666892e+00 0.000000000000000000e+00
4.840000000000000746e+00 0.000000000000000000e+00
4.843333333333333712e+00 0.000000000000000000e+00
4.846666666666666679e+00 0.000000000000000000e+00
4.850000000000000533e+00 0.000000000000000000e+00
4.853333333333333499e+00 0.000000000000000000e+00
4.856666666666667354e+00 0.000000000000000000e+00
4.860000000000000320e+00 0.000000000000000000e+00
4.863333333333333286e+00 0.000000000000000000e+00
4.866666666666667140e+00 0.000000000000000000e+00
4.870000000000000107e+00 0.000000000000000000e+00
4.873333333333333961e+00 0.000000000000000000e+00
4.876666666666666927e+00 0.000000000000000000e+00
4.879999999999999893e+00 0.000000000000000000e+00
4.883333333333333748e+00 0.000000000000000000e+00
4.886666666666666714e+00 0.000000000000000000e+00
4.890000000000000568e+00 0.000000000000000000e+00
4.893333333333333535e+00 0.000000000000000000e+00
4.896666666666667389e+00 0.000000000000000000e+00
4.900000000000000355e+00 0.000000000000000000e+00
4.903333333333333321e+00 0.000000000000000000e+00
4.906666666666667176e+00 0.000000000000000000e+00
4.910000000000000142e+00 0.000000000000000000e+00
4.913333333333333997e+00 0.000000000000000000e+00
4.916666666666666963e+00 0.000000000000000000e+00
4.919999999999999929e+00 0.000000000000000000e+00
4.923333333333333783e+00 0.000000000000000000e+00
4.926666666666666750e+00 0.000000000000000000e+00
4.930000000000000604e+00 0.000000000000000000e+00
4.933333333333333570e+00 0.000000000000000000e+00
4.936666666666667425e+00 0.000000000000000000e+00
4.940000000000000391e+00 0.000000000000000000e+00
4.943333333333333357e+00 0.000000000000000000e+00
4.946666666666667211e+00 0.000000000000000000e+00
4.950000000000000178e+00 0.000000000000000000e+00
4.953333333333334032e+00 0.000000000000000000e+00
4.956666666666666998e+00 0.000000000000000000e+00
4.959999999999999964e+00 0.000000000000000000e+00
4.963333333333333819e+00 0.000000000000000000e+00
4.966666666666666785e+00 0.000000000000000000e+00
4.970000000000000639e+00 0.000000000000000000e+00
4.973333333333333606e+00 0.000000000000000000e+00
4.976666666666666572e+00 0.000000000000000000e+00
4.980000000000000426e+00 0.000000000000000000e+00
4.983333333333333393e+00 0.000000000000000000e+00
4.986666666666667247e+00 0.000000000000000000e+00
4.990000000000000213e+00 0.000000000000000000e+00
4.993333333333334068e+00 0.000000000000000000e+00
4.996666666666667034e+00 0.000000000000000000e+00
5.000000000000000000e+00 0.000000000000000000e+00
