0.000000000000000000e+00 0.000000000000000000e+00
5.005005005005004962e-03 2.969132288073964836e-08
1.001001001001000992e-02 3.434061517295193977e-07
1.501501501501501488e-02 1.437896532802623166e-06
2.002002002002001985e-02 3.971792813913005702e-06
2.502502502502502307e-02 8.734812903850881552e-06
3.003003003003002977e-02 1.663053067343795758e-05
3.503503503503503647e-02 2.866479888375644515e-05
4.004004004004003969e-02 4.593724213797112268e-05
4.504504504504504292e-02 6.963464911762738381e-05
5.005005005005004615e-02 1.010256401340797522e-04
5.505505505505505631e-02 1.414562411560142750e-04
6.006006006006005954e-02 1.923461297587988981e-04
6.506506506506506970e-02 2.551853954263581109e-04
7.007007007007007293e-02 3.315317037037123068e-04
7.507507507507507616e-02 4.230077839613391347e-04
8.008008008008007939e-02 5.312991807969052755e-04
8.508508508508508261e-02 6.581522231304443070e-04
9.009009009009008584e-02 8.053721750392546291e-04
9.509509509509508907e-02 9.748215396632093667e-04
1.001001001001000923e-01 1.168418492932051791e-03
1.051051051051051094e-01 1.388135427972090686e-03
1.101101101101101126e-01 1.635997594207645907e-03
1.151151151151151159e-01 1.914081817634317008e-03
1.201201201201201191e-01 2.224515290682898584e-03
1.251251251251251362e-01 2.569474421640348914e-03
1.301301301301301394e-01 2.951183734838935813e-03
1.351351351351351426e-01 3.371914813833901906e-03
1.401401401401401459e-01 3.833985280613906067e-03
1.451451451451451491e-01 4.339757804565437353e-03
1.501501501501501523e-01 4.891639135471298819e-03
1.551551551551551555e-01 5.492079155286954707e-03
1.601601601601601588e-01 6.143569943824587695e-03
1.651651651651651620e-01 6.848644853797101681e-03
1.701701701701701652e-01 7.609877590944271082e-03
1.751751751751751685e-01 8.429881295189536189e-03
1.801801801801801717e-01 9.311307618966018634e-03
1.851851851851851749e-01 1.025684579900992995e-02
1.901901901901901781e-01 1.126922171805362638e-02
1.951951951951951814e-01 1.235119695296308870e-02
2.002002002002001846e-01 1.350556780595900397e-02
2.052052052052052156e-01 1.473516431563956161e-02
2.102102102102102188e-01 1.604284924458917322e-02
2.152152152152152220e-01 1.743151704041237191e-02
2.202202202202202252e-01 1.890409276707791589e-02
2.252252252252252285e-01 2.046353100349644280e-02
2.302302302302302317e-01 2.211281470628655155e-02
2.352352352352352349e-01 2.385495403371088244e-02
2.402402402402402382e-01 2.569298512778578694e-02
2.452452452452452414e-01 2.762996885158734706e-02
2.502502502502502724e-01 2.966898947879264767e-02
2.552552552552552756e-01 3.181315333250996774e-02
2.602602602602602788e-01 3.406558737046512519e-02
2.652652652652652820e-01 3.642943771362391892e-02
2.702702702702702853e-01 3.890786811534422546e-02
2.752752752752752885e-01 4.150405836816468963e-02
2.802802802802802917e-01 4.422120264535200906e-02
2.852852852852852950e-01 4.706250777434572985e-02
2.902902902902902982e-01 5.003119143925751494e-02
2.952952952952953014e-01 5.313048030960412088e-02
3.003003003003003046e-01 5.636360809247682735e-02
3.053053053053053079e-01 5.973381350537852047e-02
3.103103103103103111e-01 6.324433816699116806e-02
3.153153153153153143e-01 6.689842440317247951e-02
3.203203203203203175e-01 7.069931296552167677e-02
3.253253253253253208e-01 7.465024065989966928e-02
3.303303303303303240e-01 7.875443788234183506e-02
3.353353353353353272e-01 8.301512605985746085e-02
3.403403403403403304e-01 8.743551499367555047e-02
3.453453453453453337e-01 9.201880010256666131e-02
3.503503503503503369e-01 9.676815956394865803e-02
3.553553553553553401e-01 1.016867513505703285e-01
3.603603603603603434e-01 1.067777101606605661e-01
3.653653653653653466e-01 1.120441442395329196e-01
3.703703703703703498e-01 1.174891320907467257e-01
3.753753753753753530e-01 1.231157190750468144e-01
3.803803803803803563e-01 1.289269138954337313e-01
3.853853853853853595e-01 1.349256849668571401e-01
3.903903903903903627e-01 1.411149566691756452e-01
3.953953953953953659e-01 1.474976054821890981e-01
4.004004004004003692e-01 1.540764560017211515e-01
4.054054054054054279e-01 1.608542768359170483e-01
4.104104104104104311e-01 1.678337763811157124e-01
4.154154154154154344e-01 1.750175984768690129e-01
4.204204204204204376e-01 1.824083179398982568e-01
4.254254254254254408e-01 1.900084359770180531e-01
4.304304304304304440e-01 1.978203754773046885e-01
4.354354354354354473e-01 2.058464761840485546e-01
4.404404404404404505e-01 2.140889897473087500e-01
4.454454454454454537e-01 2.225500746581777767e-01
4.504504504504504570e-01 2.312317910661707276e-01
4.554554554554554602e-01 2.401360954814748261e-01
4.604604604604604634e-01 2.492648353641291337e-01
4.654654654654654666e-01 2.586197436025564622e-01
4.704704704704704699e-01 2.682024328842353977e-01
4.754754754754754731e-01 2.780143899616805969e-01
4.804804804804804763e-01 2.880569698172986692e-01
4.854854854854854795e-01 2.983313897310951868e-01
4.904904904904904828e-01 3.088387232556395467e-01
4.954954954954954860e-01 3.195798941031350870e-01
5.005005005005005447e-01 3.305556699498977680e-01
5.055055055055055480e-01 3.417666561640210210e-01
5.105105105105105512e-01 3.532132894624925301e-01
5.155155155155155544e-01 3.648958315045219836e-01
5.205205205205205576e-01 3.768143624283624704e-01
5.255255255255255609e-01 3.889687743394281694e-01
5.305305305305305641e-01 4.013587647580548756e-01
5.355355355355355673e-01 4.139838300357996381e-01
5.405405405405405705e-01 4.268432587497375530e-01
5.455455455455455738e-01 4.399361250847909632e-01
5.505505505505505770e-01 4.532612822147014664e-01
5.555555555555555802e-01 4.668173556928522094e-01
5.605605605605605835e-01 4.806027368647415865e-01
5.655655655655655867e-01 4.946155763145119733e-01
5.705705705705705899e-01 5.088537773585479762e-01
5.755755755755755931e-01 5.233149895997665224e-01
5.805805805805805964e-01 5.379966025568336807e-01
5.855855855855855996e-01 5.528957393831560596e-01
5.905905905905906028e-01 5.680092506911018635e-01
5.955955955955956060e-01 5.833337084975135367e-01
6.006006006006006093e-01 5.988654003071754994e-01
6.056056056056056125e-01 6.146003233514857333e-01
6.106106106106106157e-01 6.305341790001657287e-01
6.156156156156156189e-01 6.466623673644121828e-01
6.206206206206206222e-01 6.629799821104347402e-01
6.256256256256256254e-01 6.794818055028759574e-01
6.306306306306306286e-01 6.961623036981038348e-01
6.356356356356356319e-01 7.130156223078695232e-01
6.406406406406406351e-01 7.300355822542792250e-01
6.456456456456456383e-01 7.472156759374595225e-01
6.506506506506506415e-01 7.645490637377003740e-01
6.556556556556556448e-01 7.820285708742176212e-01
6.606606606606606480e-01 7.996466846429964859e-01
6.656656656656656512e-01 8.173955520564674115e-01
6.706706706706706544e-01 8.352669779079835433e-01
6.756756756756756577e-01 8.532524232842605416e-01
6.806806806806806609e-01 8.713430045490631048e-01
6.856856856856856641e-01 8.895294928214880770e-01
6.906906906906906674e-01 9.078023139722106727e-01
6.956956956956956706e-01 9.261515491609855211e-01
7.007007007007006738e-01 9.445669359385878705e-01
7.057057057057056770e-01 9.630378699361563655e-01
7.107107107107106803e-01 9.815534071646387915e-01
7.157157157157156835e-01 1.000102266946673257e+00
7.207207207207206867e-01 1.018672835502796525e+00
7.257257257257256899e-01 1.037253170213346065e+00
7.307307307307306932e-01 1.055831004576786913e+00
7.357357357357356964e-01 1.074393753884493430e+00
7.407407407407406996e-01 1.092928521631194361e+00
7.457457457457457028e-01 1.111422106679369470e+00
7.507507507507507061e-01 1.129861011194877030e+00
7.557557557557557093e-01 1.148231449369967017e+00
7.607607607607607125e-01 1.166519356948588770e+00
7.657657657657657158e-01 1.184710401567580007e+00
7.707707707707707190e-01 1.202789993925851730e+00
7.757757757757757222e-01 1.220743299792125702e+00
7.807807807807807254e-01 1.238555252860095379e+00
7.857857857857857287e-01 1.256210568458090870e+00
7.907907907907907319e-01 1.273693758118407349e+00
7.957957957957957351e-01 1.290989145009440175e+00
8.008008008008007383e-01 1.308080880231627052e+00
8.058058058058058526e-01 1.324952959975951083e+00
8.108108108108108558e-01 1.341589243541384313e+00
8.158158158158158590e-01 1.357973472205210141e+00
8.208208208208208623e-01 1.374089288937556441e+00
8.258258258258258655e-01 1.389920258948821319e+00
8.308308308308308687e-01 1.405449891055897016e+00
8.358358358358358720e-01 1.420661659850235070e+00
8.408408408408408752e-01 1.435539028647847992e+00
8.458458458458458784e-01 1.450065473198319133e+00
8.508508508508508816e-01 1.464224506126798664e+00
8.558558558558558849e-01 1.477999702079795918e+00
8.608608608608608881e-01 1.491374723542362224e+00
8.658658658658658913e-01 1.504333347291007428e+00
8.708708708708708945e-01 1.516859491443382169e+00
8.758758758758758978e-01 1.528937243062443052e+00
8.808808808808809010e-01 1.540550886269478781e+00
8.858858858858859042e-01 1.551684930817053276e+00
8.908908908908909074e-01 1.562324141069576067e+00
8.958958958958959107e-01 1.572453565335931724e+00
9.009009009009009139e-01 1.582058565495341851e+00
9.059059059059059171e-01 1.591124846854421682e+00
9.109109109109109204e-01 1.599638488170279649e+00
9.159159159159159236e-01 1.607585971771453792e+00
9.209209209209209268e-01 1.614954213705552366e+00
9.259259259259259300e-01 1.621730593839636914e+00
9.309309309309309333e-01 1.627902985836716887e+00
9.359359359359359365e-01 1.633459786929210455e+00
9.409409409409409397e-01 1.638389947407848490e+00
9.459459459459459429e-01 1.642682999742380634e+00
9.509509509509509462e-01 1.646329087248467493e+00
9.559559559559559494e-01 1.649318992213436808e+00
9.609609609609609526e-01 1.651644163392103293e+00
9.659659659659659559e-01 1.653296742782650597e+00
9.709709709709709591e-01 1.654269591591637001e+00
9.759759759759759623e-01 1.654556315296544566e+00
9.809809809809809655e-01 1.654151287714007879e+00
9.859859859859859688e-01 1.653049673981819234e+00
9.909909909909909720e-01 1.651247452363196588e+00
9.959959959959959752e-01 1.648741434782497572e+00
1.001001001001001089e+00 1.645529286002630487e+00
1.006006006006006093e+00 1.641609541355893320e+00
1.011011011011011096e+00 1.636981622941785730e+00
1.016016016016016099e+00 1.631645854207621094e+00
1.021021021021021102e+00 1.625603472830397411e+00
1.026026026026026106e+00 1.618856641821427633e+00
1.031031031031031109e+00 1.611408458778746722e+00
1.036036036036036112e+00 1.603262963216155690e+00
1.041041041041041115e+00 1.594425141902094056e+00
1.046046046046046119e+00 1.584900932146213526e+00
1.051051051051051122e+00 1.574697222976656263e+00
1.056056056056056125e+00 1.563821854156574487e+00
1.061061061061061128e+00 1.552283612994258322e+00
1.066066066066066131e+00 1.540092228907577354e+00
1.071071071071071135e+00 1.527258365710054688e+00
1.076076076076076138e+00 1.513793611592826993e+00
1.081081081081081141e+00 1.499710466784081930e+00
1.086086086086086144e+00 1.485022328875153397e+00
1.091091091091091148e+00 1.469743475810269429e+00
1.096096096096096151e+00 1.453889046545135066e+00
1.101101101101101154e+00 1.437475019387786324e+00
1.106106106106106157e+00 1.420518188043705887e+00
1.111111111111111160e+00 1.403036135395847372e+00
1.116116116116116164e+00 1.385047205058948849e+00
1.121121121121121167e+00 1.366570470756390820e+00
1.126126126126126170e+00 1.347625703576742051e+00
1.131131131131131173e+00 1.328233337175942053e+00
1.136136136136136177e+00 1.308414430999934375e+00
1.141141141141141180e+00 1.288190631611274561e+00
1.146146146146146183e+00 1.267584132211751591e+00
1.151151151151151186e+00 1.246617630461493764e+00
1.156156156156156189e+00 1.225314284703151069e+00
1.161161161161161193e+00 1.203697668707567558e+00
1.166166166166166196e+00 1.181791725064897047e+00
1.171171171171171199e+00 1.159620717352280783e+00
1.176176176176176202e+00 1.137209181215828924e+00
1.181181181181181206e+00 1.114581874510973680e+00
1.186186186186186209e+00 1.091763726650942790e+00
1.191191191191191212e+00 1.068779787318244967e+00
1.196196196196196215e+00 1.045655174698658207e+00
1.201201201201201219e+00 1.022415023401144429e+00
1.206206206206206222e+00 9.990844322303104041e-01
1.211211211211211225e+00 9.756884119806868982e-01
1.216216216216216228e+00 9.522518334238327942e-01
1.221221221221221231e+00 9.287993756603845075e-01
1.226226226226226235e+00 9.053554750094804371e-01
1.231231231231231238e+00 8.819442746074264150e-01
1.236236236236236241e+00 8.585895748862166776e-01
1.241241241241241244e+00 8.353147851003914770e-01
1.246246246246246248e+00 8.121428760677421588e-01
1.251251251251251251e+00 7.890963342856476270e-01
1.256256256256256254e+00 7.661971175802850809e-01
1.261261261261261257e+00 7.434666124405321375e-01
1.266266266266266260e+00 7.209255931823096430e-01
1.271271271271271264e+00 6.985941830821974508e-01
1.276276276276276267e+00 6.764918176115188864e-01
1.281281281281281270e+00 6.546372098937900397e-01
1.286286286286286273e+00 6.330483184994831758e-01
1.291291291291291277e+00 6.117423176824012820e-01
1.296296296296296280e+00 5.907355701518695046e-01
1.301301301301301283e+00 5.700436024642594468e-01
1.306306306306306286e+00 5.496810831062024505e-01
1.311311311311311290e+00 5.296618033303568396e-01
1.316316316316316293e+00 5.099986607927152749e-01
1.321321321321321296e+00 4.907036460282566681e-01
1.326326326326326299e+00 4.717878317894737550e-01
1.331331331331331302e+00 4.532613652597515808e-01
1.336336336336336306e+00 4.351334631410737619e-01
1.341341341341341309e+00 4.174124096030076281e-01
1.346346346346346312e+00 4.001055570674320605e-01
1.351351351351351315e+00 3.832193297912206420e-01
1.356356356356356319e+00 3.667592301970332702e-01
1.361361361361361322e+00 3.507298478905844230e-01
1.366366366366366325e+00 3.351348712914081207e-01
1.371371371371371328e+00 3.199771017931957728e-01
1.376376376376376331e+00 3.052584703593251847e-01
1.381381381381381335e+00 2.909800564493611463e-01
1.386386386386386338e+00 2.771421091630704714e-01
1.391391391391391341e+00 2.637440704799119406e-01
1.396396396396396344e+00 2.507846004641606230e-01
1.401401401401401348e+00 2.382616042987737992e-01
1.406406406406406351e+00 2.261722610048406135e-01
1.411411411411411354e+00 2.145130536980946190e-01
1.416416416416416357e+00 2.032798012294380618e-01
1.421421421421421361e+00 1.924676910527871043e-01
1.426426426426426364e+00 1.820713131608479030e-01
1.431431431431431367e+00 1.720846949276284288e-01
1.436436436436436370e+00 1.625013366955817273e-01
1.441441441441441373e+00 1.533142479453410423e-01
1.446446446446446377e+00 1.445159838868916302e-01
1.451451451451451380e+00 1.360986823128539913e-01
1.456456456456456383e+00 1.280541005572130853e-01
1.461461461461461386e+00 1.203736524063001856e-01
1.466466466466466390e+00 1.130484448131231778e-01
1.471471471471471393e+00 1.060693142711688769e-01
1.476476476476476396e+00 9.942686270950870653e-02
1.481481481481481399e+00 9.311149277743153985e-02
1.486486486486486402e+00 8.711344239379385790e-02
1.491491491491491406e+00 8.142281844377714795e-02
1.496496496496496409e+00 7.602962951373198885e-02
1.501501501501501412e+00 7.092381756318225094e-02
1.506506506506506415e+00 6.609528844179032858e-02
1.511511511511511419e+00 6.153394116810873005e-02
1.516516516516516422e+00 5.722969589616772046e-02
1.521521521521521425e+00 5.317252050530592300e-02
1.526526526526526428e+00 4.935245575810240370e-02
1.531531531531531432e+00 4.575963898071351565e-02
1.536536536536536435e+00 4.238432622930477650e-02
1.541541541541541438e+00 3.921691291554695730e-02
1.546546546546546441e+00 3.624795287323642756e-02
1.551551551551551444e+00 3.346817585695043701e-02
1.556556556556556448e+00 3.086850347222366842e-02
1.561561561561561451e+00 2.844006354495007272e-02
1.566566566566566454e+00 2.617420294556273980e-02
1.571571571571571457e+00 2.406249889095966182e-02
1.576576576576576461e+00 2.209676875409831084e-02
1.581581581581581464e+00 2.026907841764681584e-02
1.586586586586586467e+00 1.857174921402680520e-02
1.591591591591591470e+00 1.699736349958621412e-02
1.596596596596596473e+00 1.553876891549510128e-02
1.601601601601601477e+00 1.418908139224461275e-02
1.606606606606606702e+00 1.294168695834287987e-02
1.611611611611611705e+00 1.179024241694864340e-02
1.616616616616616708e+00 1.072867495675966162e-02
1.621621621621621712e+00 9.751180765491173838e-03
1.626626626626626715e+00 8.852222715752262883e-03
1.631631631631631718e+00 8.026527194071562954e-03
1.636636636636636721e+00 7.269080144256289018e-03
1.641641641641641725e+00 6.575122396218724581e-03
1.646646646646646728e+00 5.940144350893824914e-03
1.651651651651651731e+00 5.359880090930701363e-03
1.656656656656656734e+00 4.830300985503816619e-03
1.661661661661661737e+00 4.347608855884152815e-03
1.666666666666666741e+00 3.908228766375838360e-03
1.671671671671671744e+00 3.508801502891911468e-03
1.676676676676676747e+00 3.146175798850049665e-03
1.681681681681681750e+00 2.817400365252833473e-03
1.686686686686686754e+00 2.519715778811625496e-03
1.691691691691691757e+00 2.250546278813398554e-03
1.696696696696696760e+00 2.007491520152328898e-03
1.701701701701701763e+00 1.788318326583837993e-03
1.706706706706706766e+00 1.590952484840707807e-03
1.711711711711711770e+00 1.413470616809988289e-03
1.716716716716716773e+00 1.254092163533154086e-03
1.721721721721721776e+00 1.111171511387223573e-03
1.726726726726726779e+00 9.831902874563316300e-04
1.731731731731731783e+00 8.687498478332396357e-04
1.736736736736736786e+00 7.665639794182560777e-04
1.741741741741741789e+00 6.754518327276330322e-04
1.746746746746746792e+00 5.943311002988791456e-04
1.751751751751751796e+00 5.222114525001852895e-04
1.756756756756756799e+00 4.581882399258756060e-04
1.761761761761761802e+00 4.014364690977975225e-04
1.766766766766766805e+00 3.512050558999484031e-04
1.771771771771771808e+00 3.068113590551697521e-04
1.776776776776776812e+00 2.676359940099260273e-04
1.781781781781781815e+00 2.331179258271608374e-04
1.786786786786786818e+00 2.027498380963579179e-04
1.791791791791791821e+00 1.760737734515779103e-04
1.796796796796796825e+00 1.526770400384409214e-04
1.801801801801801828e+00 1.321883771842374453e-04
1.806806806806806831e+00 1.142743725953294514e-04
1.811811811811811834e+00 9.863612262550157243e-05
1.816816816816816837e+00 8.500612651987719511e-05
1.821821821821821841e+00 7.314540503284152706e-05
1.826826826826826844e+00 6.284083343615461863e-05
1.831831831831831847e+00 5.390267866567998936e-05
1.836836836836836850e+00 4.616233019240379034e-05
1.841841841841841854e+00 3.947021413615051598e-05
1.846846846846846857e+00 3.369388015904210934e-05
1.851851851851851860e+00 2.871625077093306245e-05
1.856856856856856863e+00 2.443402284168939622e-05
1.861861861861861867e+00 2.075621133638406426e-05
1.866866866866866870e+00 1.760282556082735025e-05
1.871871871871871873e+00 1.490366851831830023e-05
1.876876876876876876e+00 1.259725032652104394e-05
1.881881881881881879e+00 1.062980701888515886e-05
1.886886886886886883e+00 8.954416451534548773e-06
1.891891891891891886e+00 7.530203448024833455e-06
1.896896896896896889e+00 6.321626735405417772e-06
1.901901901901901892e+00 5.297840650700845423e-06
1.906906906906906896e+00 4.432125022894026141e-06
1.911911911911911899e+00 3.701377057919466056e-06
1.916916916916916902e+00 3.085659469718055019e-06
1.921921921921921905e+00 2.567799506219969281e-06
1.926926926926926908e+00 2.133033912816579081e-06
1.931931931931931912e+00 1.768695255485719127e-06
1.936936936936936915e+00 1.463935389677102912e-06
1.941941941941941918e+00 1.209482208143327150e-06
1.946946946946946921e+00 9.974261302385482965e-07
1.951951951951951925e+00 8.210331062293663359e-07
1.956956956956956928e+00 6.745812025622122578e-07
1.961961961961961931e+00 5.532181077350783680e-07
1.966966966966966934e+00 4.528371535604969142e-07
1.971971971971971938e+00 3.699696834886064409e-07
1.976976976976976941e+00 3.016918187377767886e-07
1.981981981981981944e+00 2.455438748322536892e-07
1.986986986986986947e+00 1.994608664465084737e-07
1.991991991991991950e+00 1.617127079546582335e-07
1.996996996996996954e+00 1.308528715877608166e-07
2.002002002002002179e+00 1.056744054581061465e-07
2.007007007007007182e+00 8.517234078604925426e-08
2.012012012012012185e+00 6.851163233994239307e-08
2.017017017017017189e+00 5.499987924836751758e-08
2.022022022022022192e+00 4.406416582875952137e-08
2.027027027027027195e+00 3.523144473922954424e-08
2.032032032032032198e+00 2.811195841426111704e-08
2.037037037037037202e+00 2.238526017006362407e-08
2.042042042042042205e+00 1.778845430423761759e-08
2.047047047047047208e+00 1.410632566889711758e-08
2.052052052052052211e+00 1.116307422594368208e-08
2.057057057057057214e+00 8.815409613560750715e-09
2.062062062062062218e+00 6.946795336039720164e-09
2.067067067067067221e+00 5.462662362988054720e-09
2.072072072072072224e+00 4.286438174322045017e-09
2.077077077077077227e+00 3.356260058246995840e-09
2.082082082082082231e+00 2.622261164980578750e-09
2.087087087087087234e+00 2.044334805671164746e-09
2.092092092092092237e+00 1.590297094472365024e-09
2.097097097097097240e+00 1.234380559180406954e-09
2.102102102102102243e+00 9.560020581298900971e-10
2.107107107107107247e+00 7.387574751994777710e-10
2.112112112112112250e+00 5.696034312399088468e-10
2.117117117117117253e+00 4.381928351273008500e-10
2.122122122122122256e+00 3.363366649703342329e-10
2.127127127127127260e+00 2.575690637329004315e-10
2.132132132132132263e+00 1.967967796043608158e-10
2.137137137137137266e+00 1.500172896126237085e-10
2.142142142142142269e+00 1.140927105455330368e-10
2.147147147147147273e+00 8.656890670990543315e-11
2.152152152152152276e+00 6.553112055278441382e-11
2.157157157157157279e+00 4.948904083463000418e-11
2.162162162162162282e+00 3.728553624599270548e-11
2.167167167167167285e+00 2.802436480062224974e-11
2.172172172172172289e+00 2.101305905044499448e-11
2.177177177177177292e+00 1.571791640079987484e-11
2.182182182182182295e+00 1.172861981281675732e-11
2.187187187187187298e+00 8.730499922948616683e-12
2.192192192192192302e+00 6.482844364008215985e-12
2.197197197197197305e+00 4.801979969783411809e-12
2.202202202202202308e+00 3.548112043350141056e-12
2.207207207207207311e+00 2.615113156497431770e-12
2.212212212212212314e+00 1.922621297482883826e-12
2.217217217217217318e+00 1.409941257537498209e-12
2.222222222222222321e+00 1.031350251649766279e-12
2.227227227227227324e+00 7.524940844738292945e-13
2.232232232232232327e+00 5.476279346994836876e-13
2.237237237237237331e+00 3.975094965910034622e-13
2.242242242242242334e+00 2.877945951598016770e-13
2.247247247247247337e+00 2.078187584698990977e-13
2.252252252252252340e+00 1.496744262425625920e-13
2.257257257257257343e+00 1.075139794087124676e-13
2.262262262262262347e+00 7.702477951478232935e-14
2.267267267267267350e+00 5.503486127114060811e-14
2.272272272272272353e+00 3.921758485011626554e-14
2.277277277277277356e+00 2.787103009997596142e-14
2.282282282282282360e+00 1.975368078518165909e-14
2.287287287287287363e+00 1.396238103101527356e-14
2.292292292292292366e+00 9.841945808630026759e-15
2.297297297297297369e+00 6.918406048341929810e-15
2.302302302302302373e+00 4.849849522922204073e-15
2.307307307307307376e+00 3.390323503850024207e-15
2.312312312312312379e+00 2.363405153359851253e-15
2.317317317317317382e+00 1.642906532451970539e-15
2.322322322322322385e+00 1.138829302729699666e-15
2.327327327327327389e+00 7.871707448019463068e-16
2.332332332332332392e+00 5.425468011216420702e-16
2.337337337337337395e+00 3.728694592636949617e-16
2.342342342342342398e+00 2.555177851729220704e-16
2.347347347347347402e+00 1.745916711535925080e-16
2.352352352352352405e+00 1.189480439671003610e-16
2.357357357357357408e+00 8.080082403845982238e-17
2.362362362362362411e+00 5.472581818873204658e-17
2.367367367367367414e+00 3.695557712969536233e-17
2.372372372372372418e+00 2.488125083081280243e-17
2.377377377377377421e+00 1.670175641358510924e-17
2.382382382382382424e+00 1.117745669895792760e-17
2.387387387387387427e+00 7.457752027207525308e-18
2.392392392392392431e+00 4.960781848632155540e-18
2.397397397397397434e+00 3.289748528588396360e-18
2.402402402402402437e+00 2.174897365509899511e-18
2.407407407407407440e+00 1.433413258417224146e-18
2.412412412412412444e+00 9.417892302772013617e-19
2.417417417417417447e+00 6.168487965792062425e-19
2.422422422422422450e+00 4.027536157181318154e-19
2.427427427427427453e+00 2.621373479427909000e-19
2.432432432432432456e+00 1.700748368100694125e-19
2.437437437437437460e+00 1.099932138926004162e-19
2.442442442442442463e+00 7.090866768980723221e-20
2.447447447447447466e+00 4.556519978871405536e-20
2.452452452452452469e+00 2.918506368855019207e-20
2.457457457457457473e+00 1.863263584758734213e-20
2.462462462462462476e+00 1.185678871248456691e-20
2.467467467467467479e+00 7.520242170824609026e-21
2.472472472472472482e+00 4.754023646146203368e-21
2.477477477477477485e+00 2.995355668571828259e-21
2.482482482482482489e+00 1.880986888411345891e-21
2.487487487487487492e+00 1.177243191536071005e-21
2.492492492492492495e+00 7.343149532238163269e-22
2.497497497497497498e+00 4.564855312116300152e-22
2.502502502502502502e+00 2.828087183144442504e-22
2.507507507507507505e+00 1.746113028965070233e-22
2.512512512512512508e+00 1.074381007804750733e-22
2.517517517517517511e+00 6.587844024055137335e-23
2.522522522522522515e+00 4.025500574637497043e-23
2.527527527527527518e+00 2.451210668666191222e-23
2.532532532532532521e+00 1.487366797516503417e-23
2.537537537537537524e+00 8.993417236984349487e-24
2.542542542542542527e+00 5.418675100397279120e-24
2.547547547547547531e+00 3.253236697235243509e-24
2.552552552552552534e+00 1.946188239962317479e-24
2.557557557557557537e+00 1.160093738710250430e-24
2.562562562562562540e+00 6.890215157050391983e-25
2.567567567567567544e+00 4.077522144479722016e-25
2.572572572572572547e+00 2.404230357016452152e-25
2.577577577577577550e+00 1.412421647253352815e-25
2.582582582582582553e+00 8.267106047933245348e-26
2.587587587587587556e+00 4.820985210176538033e-26
2.592592592592592560e+00 2.800938066694786001e-26
2.597597597597597563e+00 1.621245844490302052e-26
2.602602602602602566e+00 9.348977901999120091e-27
2.607607607607607569e+00 5.370830908088463279e-27
2.612612612612612573e+00 3.073782217219717683e-27
2.617617617617617576e+00 1.752472179094168121e-27
2.622622622622622579e+00 9.953314534788118652e-28
2.627627627627627582e+00 5.631382066211267348e-28
2.632632632632632586e+00 3.173839898624266910e-28
2.637637637637637589e+00 1.781844741544689342e-28
2.642642642642642592e+00 9.964638988060144956e-29
2.647647647647647595e+00 5.550756338195564107e-29
2.652652652652652598e+00 3.079878896042420267e-29
2.657657657657657602e+00 1.702150562680442990e-29
2.662662662662662605e+00 9.369946543787589220e-30
2.667667667667667608e+00 5.137395370718306248e-30
2.672672672672672611e+00 2.805482143675020677e-30
2.677677677677677615e+00 1.525887630341002892e-30
2.682682682682682618e+00 8.265706506494564587e-31
2.687687687687687621e+00 4.459350720169171096e-31
2.692692692692692624e+00 2.396013800918817063e-31
2.697697697697697627e+00 1.282108639301435055e-31
2.702702702702702631e+00 6.832347270262226843e-32
2.707707707707707634e+00 3.625904631755375842e-32
2.712712712712712637e+00 1.916266392513363335e-32
2.717717717717717640e+00 1.008509860286140168e-32
2.722722722722722644e+00 5.285436383148433433e-33
2.727727727727727647e+00 2.758351698207748483e-33
2.732732732732732650e+00 1.433435467833548359e-33
2.737737737737737653e+00 7.417507205625400863e-34
2.742742742742742657e+00 3.821912277263702237e-34
2.747747747747747660e+00 1.960820864225212653e-34
2.752752752752752663e+00 1.001661837593338161e-34
2.757757757757757666e+00 5.094737982288926156e-35
2.762762762762762669e+00 2.580070580631743113e-35
2.767767767767767673e+00 1.300893651761714408e-35
2.772772772772772676e+00 6.530462203433628599e-36
2.777777777777777679e+00 3.263843938162527483e-36
2.782782782782782682e+00 1.624013311527141906e-36
2.787787787787787686e+00 8.044811900441232558e-37
2.792792792792792689e+00 3.967342212775860125e-37
2.797797797797797692e+00 1.947745541869474437e-37
2.802802802802802695e+00 9.519296737139559842e-38
2.807807807807807698e+00 4.631363633929874295e-38
2.812812812812812702e+00 2.243032283892835170e-38
2.817817817817817705e+00 1.081374259916603788e-38
2.822822822822822708e+00 5.189453215909302600e-39
2.827827827827827711e+00 2.478925245294738508e-39
2.832832832832832715e+00 1.178671217288095321e-39
2.837837837837837718e+00 5.578282240576754017e-40
2.842842842842842721e+00 2.627713204264272631e-40
2.847847847847847724e+00 1.232015602697794909e-40
2.852852852852852727e+00 5.749185030683353604e-41
2.857857857857857731e+00 2.670172032025321163e-41
2.862862862862862734e+00 1.234258420258309739e-41
2.867867867867867737e+00 5.678032206432980199e-42
2.872872872872872740e+00 2.599593694959478799e-42
2.877877877877877744e+00 1.184458690902872328e-42
2.882882882882882747e+00 5.370715033899509167e-43
2.887887887887887750e+00 2.423443782711858645e-43
2.892892892892892753e+00 1.088211516937379547e-43
2.897897897897897757e+00 4.862549877246324294e-44
2.902902902902902760e+00 2.162101283113673792e-44
2.907907907907907763e+00 9.566212446592380261e-45
2.912912912912912766e+00 4.211597055916202030e-45
2.917917917917917769e+00 1.844960914307908479e-45
2.922922922922922773e+00 8.041773317097119155e-46
2.927927927927927776e+00 3.487638764340061950e-46
2.932932932932932779e+00 1.504931959945967941e-46
2.937937937937937782e+00 6.460983003387539583e-47
2.942942942942942786e+00 2.759734709741085534e-47
2.947947947947947789e+00 1.172772282141392366e-47
2.952952952952952792e+00 4.958248194204528551e-48
2.957957957957957795e+00 2.085458786754112609e-48
2.962962962962962798e+00 8.726182363910875210e-49
2.967967967967967802e+00 3.632342580513067589e-49
2.972972972972972805e+00 1.504110206662239185e-49
2.977977977977977808e+00 6.195742018536531947e-50
2.982982982982982811e+00 2.538740157274051447e-50
2.987987987987987815e+00 1.034772459478421997e-50
2.992992992992992818e+00 4.195305116091300912e-51
2.997997997997997821e+00 1.691861074360189957e-51
3.003003003003002824e+00 6.786387478498810488e-52
3.008008008008007828e+00 2.707545358731154048e-52
3.013013013013012831e+00 1.074400658273542664e-52
3.018018018018017834e+00 4.240338286256913288e-53
3.023023023023022837e+00 1.664442180225525473e-53
3.028028028028027840e+00 6.497721891503583283e-54
3.033033033033032844e+00 2.522713484705108586e-54
3.038038038038037847e+00 9.740456751914366518e-55
3.043043043043042850e+00 3.740119315138273572e-55
3.048048048048047853e+00 1.428158683262485508e-55
3.053053053053052857e+00 5.423035574253678637e-56
3.058058058058057860e+00 2.047733834837769338e-56
3.063063063063062863e+00 7.688819794815869337e-57
3.068068068068067866e+00 2.870721197659857336e-57
3.073073073073072869e+00 1.065755341070723393e-57
3.078078078078077873e+00 3.934134221653238869e-58
3.083083083083082876e+00 1.443962591025538223e-58
3.088088088088087879e+00 5.269480020339420073e-59
3.093093093093092882e+00 1.911941258671430061e-59
3.098098098098097886e+00 6.897094528794785825e-60
3.103103103103102889e+00 2.473617384411993305e-60
3.108108108108107892e+00 8.819895139021999694e-61
3.113113113113112895e+00 3.126429816311861951e-61
3.118118118118117899e+00 1.101737418312475108e-61
3.123123123123122902e+00 3.859592318019586685e-62
3.128128128128127905e+00 1.344090230800840765e-62
3.133133133133132908e+00 4.652954311730220169e-63
3.138138138138137911e+00 1.601150717328216263e-63
3.143143143143142915e+00 5.476818746388923288e-64
3.148148148148147918e+00 1.862116682793313013e-64
3.153153153153152921e+00 6.292995165592270296e-65
3.158158158158157924e+00 2.113827194277527813e-65
3.163163163163162928e+00 7.057204546429347964e-66
3.168168168168167931e+00 2.341728884716316136e-66
3.173173173173172934e+00 7.722727669298147395e-67
3.178178178178177937e+00 2.531188678218826068e-67
3.183183183183182940e+00 8.244939561259439909e-68
3.188188188188187944e+00 2.669002826822262037e-68
3.193193193193192947e+00 8.586152705662699069e-69
3.198198198198197950e+00 2.744894087359096708e-69
3.203203203203202953e+00 8.720057554205366619e-70
3.208208208208208401e+00 2.752765579357307320e-70
3.213213213213213404e+00 8.635043749769013441e-71
3.218218218218218407e+00 2.691501229648403858e-71
3.223223223223223410e+00 8.335825546105098013e-72
3.228228228228228414e+00 2.565168437582391062e-72
3.233233233233233417e+00 7.843061330948630978e-73
3.238238238238238420e+00 2.382577187513119249e-73
3.243243243243243423e+00 7.190997844346886918e-74
3.248248248248248427e+00 2.156260814520907587e-74
3.253253253253253430e+00 6.423511287139686162e-75
3.258258258258258433e+00 1.901042616219400386e-75
3.263263263263263436e+00 5.589184420229802843e-76
3.268268268268268439e+00 1.632417694502251635e-76
3.273273273273273443e+00 4.736193415460624952e-77
3.278278278278278446e+00 1.364997444023548869e-77
3.283283283283283449e+00 3.907756408710982310e-78
3.288288288288288452e+00 1.111233452448835467e-78
3.293293293293293456e+00 3.138731898870972496e-79
3.298298298298298459e+00 8.805684394676007038e-80
3.303303303303303462e+00 2.453696562972346176e-80
3.308308308308308465e+00 6.790727068163483949e-81
3.313313313313313468e+00 1.866543828936647768e-81
3.318318318318318472e+00 5.095366078513866544e-82
3.323323323323323475e+00 1.381391043289640653e-82
3.328328328328328478e+00 3.719209664181710557e-83
3.333333333333333481e+00 9.944115967467408926e-84
3.338338338338338485e+00 2.640291500263474720e-84
3.343343343343343488e+00 6.961397190468263614e-85
3.348348348348348491e+00 1.822587650061040001e-85
3.353353353353353494e+00 4.738234115359949899e-86
3.358358358358358497e+00 1.223120580666963348e-86
3.363363363363363501e+00 3.134983480429623322e-87
3.368368368368368504e+00 7.978164678217329744e-88
3.373373373373373507e+00 2.015862935427333657e-88
3.378378378378378510e+00 5.057055828336865114e-89
3.383383383383383514e+00 1.259510223440983944e-89
3.388388388388388517e+00 3.114305956173482753e-90
3.393393393393393520e+00 7.644778213901508233e-91
3.398398398398398523e+00 1.862948793690011928e-91
3.403403403403403527e+00 4.506690266745896849e-92
3.408408408408408530e+00 1.082240040286653443e-92
3.413413413413413533e+00 2.579804992433989930e-93
3.418418418418418536e+00 6.104299450376064228e-94
3.423423423423423539e+00 1.433701372917301543e-94
3.428428428428428543e+00 3.342286817211251347e-95
3.433433433433433546e+00 7.733553117439666010e-96
3.438438438438438549e+00 1.776040822377613381e-96
3.443443443443443552e+00 4.048120909058598165e-97
3.448448448448448556e+00 9.157328383668512560e-98
3.453453453453453559e+00 2.055828947805108127e-98
3.458458458458458562e+00 4.580323053078319296e-99
3.463463463463463565e+00 1.012707976259766480e-99
3.468468468468468568e+00 2.221975955706411733e-100
3.473473473473473572e+00 4.837817425535346885e-101
3.478478478478478575e+00 1.045207587274176002e-101
3.483483483483483578e+00 2.240714535337349912e-102
3.488488488488488581e+00 4.766387210193655786e-103
3.493493493493493585e+00 1.006001915720392801e-103
3.498498498498498588e+00 2.106700768888279373e-104
3.503503503503503591e+00 4.377128466882368050e-105
3.508508508508508594e+00 9.022895642827772791e-106
3.513513513513513598e+00 1.845272714128561022e-106
3.518518518518518601e+00 3.743871428699770318e-107
3.523523523523523604e+00 7.535546642651904511e-108
3.528528528528528607e+00 1.504630195607453802e-108
3.533533533533533610e+00 2.980256447108106689e-109
3.538538538538538614e+00 5.855635063507922980e-110
3.543543543543543617e+00 1.141243975659511553e-110
3.548548548548548620e+00 2.206249992074437177e-111
3.553553553553553623e+00 4.230485831422266906e-112
3.558558558558558627e+00 8.045862669204022479e-113
3.563563563563563630e+00 1.517711948940007076e-113
3.568568568568568633e+00 2.839408983654328572e-114
3.573573573573573636e+00 5.268365282980260824e-115
3.578578578578578639e+00 9.694391980294158244e-116
3.583583583583583643e+00 1.769088082266522978e-116
3.588588588588588646e+00 3.201473492867554293e-117
3.593593593593593649e+00 5.745254855494998140e-118
3.598598598598598652e+00 1.022386147665454668e-118
3.603603603603603656e+00 1.804073361285006168e-119
3.608608608608608659e+00 3.156561772858359139e-120
3.613613613613613662e+00 5.476240457956829308e-121
3.618618618618618665e+00 9.419895252566827275e-122
3.623623623623623669e+00 1.606542385697446591e-122
3.628628628628628672e+00 2.716489493563554696e-123
3.633633633633633675e+00 4.553871254484602609e-124
3.638638638638638678e+00 7.568284811481178184e-125
3.643643643643643681e+00 1.246939215146858319e-125
3.648648648648648685e+00 2.036625920983338110e-126
3.653653653653653688e+00 3.297482212213033275e-127
3.658658658658658691e+00 5.292317417438423223e-128
3.663663663663663694e+00 8.419543104388563835e-129
3.668668668668668698e+00 1.327692026676650057e-129
3.673673673673673701e+00 2.075196796354153887e-130
3.678678678678678704e+00 3.214854027217988790e-131
3.683683683683683707e+00 4.936170366493931716e-132
3.688688688688688710e+00 7.511605852665052694e-133
3.693693693693693714e+00 1.132859475816940948e-133
3.698698698698698717e+00 1.693193894027852832e-134
3.703703703703703720e+00 2.507907556019268565e-135
3.708708708708708723e+00 3.681097172366509511e-136
3.713713713713713727e+00 5.354151927396335595e-137
3.718718718718718730e+00 7.716821330595158662e-138
3.723723723723723733e+00 1.102065012040400681e-138
3.728728728728728736e+00 1.559493761035647679e-139
3.733733733733733740e+00 2.186524463429457506e-140
3.738738738738738743e+00 3.037427357008281360e-141
3.743743743743743746e+00 4.180467786258925262e-142
3.748748748748748749e+00 5.700301383759356355e-143
3.753753753753753752e+00 7.700363346450440016e-144
3.758758758758758756e+00 1.030508460042094546e-144
3.763763763763763759e+00 1.366171752744556022e-145
3.768768768768768762e+00 1.794150474876521706e-146
3.773773773773773765e+00 2.333988163439754903e-147
3.778778778778778769e+00 3.007537341028097858e-148
3.783783783783783772e+00 3.838683855381545835e-149
3.788788788788788775e+00 4.852872945834827801e-150
3.793793793793793778e+00 6.076409635779016959e-151
3.798798798798798781e+00 7.535515677847709662e-152
3.803803803803803785e+00 9.255139294731605507e-153
3.808808808808808788e+00 1.125753221220159180e-153
3.813813813813813791e+00 1.356063030691751137e-154
3.818818818818818794e+00 1.617629834901546326e-155
3.823823823823823798e+00 1.910852398973253248e-156
3.828828828828828801e+00 2.235166900577515358e-157
3.833833833833833804e+00 2.588890419906496671e-158
3.838838838838838807e+00 2.969096549487686455e-159
3.843843843843843811e+00 3.371537012380431107e-160
3.848848848848848814e+00 3.790622131134940127e-161
3.853853853853853817e+00 4.219470653479506526e-162
3.858858858858858820e+00 4.650035824279072487e-163
3.863863863863863823e+00 5.073309846412812145e-164
3.868868868868868827e+00 5.479603289255748633e-165
3.873873873873873830e+00 5.858890006706382638e-166
3.878878878878878833e+00 6.201202240416618583e-167
3.883883883883883836e+00 6.497055381534348848e-168
3.888888888888888840e+00 6.737877908900470603e-169
3.893893893893893843e+00 6.916419799163552265e-170
3.898898898898898846e+00 7.027112560336915133e-171
3.903903903903903849e+00 7.066356129076758793e-172
3.908908908908908852e+00 7.032712124829563083e-173
3.913913913913913856e+00 6.926989073884497021e-174
3.918918918918918859e+00 6.752212700603428830e-175
3.923923923923923862e+00 6.513482572314021438e-176
3.928928928928928865e+00 6.217724532402930237e-177
3.933933933933933869e+00 5.873355713237569391e-178
3.938938938938938872e+00 5.489884816848669609e-179
3.943943943943943875e+00 5.077474271872613560e-180
3.948948948948948878e+00 4.646492515497880227e-181
3.953953953953953881e+00 4.207083943644353659e-182
3.958958958958958885e+00 3.768781194123308757e-183
3.963963963963963888e+00 3.340179758135816437e-184
3.968968968968968891e+00 2.928688992830802259e-185
3.973973973973973894e+00 2.540367056566798879e-186
3.978978978978978898e+00 2.179840746470616468e-187
3.983983983983983901e+00 1.850305264489966914e-188
3.988988988988988904e+00 1.553594037850551909e-189
3.993993993993993907e+00 1.290305183694408957e-190
3.998998998998998911e+00 1.059969176804975006e-191
4.004004004004004358e+00 8.612417305856274369e-193
4.009009009009009361e+00 6.921066711755316372e-194
4.014014014014014364e+00 5.500754057503617378e-195
4.019019019019019368e+00 4.323721318963778950e-196
4.024024024024024371e+00 3.360968628491289235e-197
4.029029029029029374e+00 2.583613336776563768e-198
4.034034034034034377e+00 1.963956387300091074e-199
4.039039039039039380e+00 1.476258339424872695e-200
4.044044044044044384e+00 1.097245993714657034e-201
4.049049049049049387e+00 8.063835193532915117e-203
4.054054054054054390e+00 5.859494330556366744e-204
4.059059059059059393e+00 4.209633798062907339e-205
4.064064064064064397e+00 2.990053650835919421e-206
4.069069069069069400e+00 2.099659641967207545e-207
4.074074074074074403e+00 1.457601546977727793e-208
4.079079079079079406e+00 1.000307342399709290e-209
4.084084084084084409e+00 6.786056895635717261e-211
4.089089089089089413e+00 4.550672692470806451e-212
4.094094094094094416e+00 3.016424074712188936e-213
4.099099099099099419e+00 1.976298290107576489e-214
4.104104104104104422e+00 1.279795163938839406e-215
4.109109109109109426e+00 8.191074098875704651e-217
4.114114114114114429e+00 5.181293373206019199e-218
4.119119119119119432e+00 3.239044698795418745e-219
4.124124124124124435e+00 2.001066817807865491e-220
4.129129129129129439e+00 1.221677469780113809e-221
4.134134134134134442e+00 7.370318733087160247e-223
4.139139139139139445e+00 4.393747368731524695e-224
4.144144144144144448e+00 2.588137538133876991e-225
4.149149149149149451e+00 1.506355226302146397e-226
4.154154154154154455e+00 8.662425546452074867e-228
4.159159159159159458e+00 4.921618706202172812e-229
4.164164164164164461e+00 2.762593481616787626e-230
4.169169169169169464e+00 1.531971820092845287e-231
4.174174174174174468e+00 8.392542031177909919e-233
4.179179179179179471e+00 4.541814343363397096e-234
4.184184184184184474e+00 2.427965190789157866e-235
4.189189189189189477e+00 1.282085102334769871e-236
4.194194194194194480e+00 6.687081792764687310e-238
4.199199199199199484e+00 3.444973113358786619e-239
4.204204204204204487e+00 1.752864985388416520e-240
4.209209209209209490e+00 8.808632704177303742e-242
4.214214214214214493e+00 4.371695396174042123e-243
4.219219219219219497e+00 2.142676300858313623e-244
4.224224224224224500e+00 1.037080361272820925e-245
4.229229229229229503e+00 4.956798806844462962e-247
4.234234234234234506e+00 2.339413791649122825e-248
4.239239239239239510e+00 1.090218332934342478e-249
4.244244244244244513e+00 5.016541102463286337e-251
4.249249249249249516e+00 2.279100510716174065e-252
4.254254254254254519e+00 1.022290941778190332e-253
4.259259259259259522e+00 4.527111283049881379e-255
4.264264264264264526e+00 1.979188300500119353e-256
4.269269269269269529e+00 8.541929493053995149e-258
4.274274274274274532e+00 3.639245707825488805e-259
4.279279279279279535e+00 1.530512500427972272e-260
4.284284284284284539e+00 6.353543956299306483e-262
4.289289289289289542e+00 2.603348875973139881e-263
4.294294294294294545e+00 1.052856957967135353e-264
4.299299299299299548e+00 4.202526879774889917e-266
4.304304304304304551e+00 1.655538140208995496e-267
4.309309309309309555e+00 6.436338075354648678e-269
4.314314314314314558e+00 2.469407981934036332e-270
4.319319319319319561e+00 9.349417131696871306e-272
4.324324324324324564e+00 3.492989118148779943e-273
4.329329329329329568e+00 1.287698603305844697e-274
4.334334334334334571e+00 4.684020341617848708e-276
4.339339339339339574e+00 1.681102163258139140e-277
4.344344344344344577e+00 5.952829315348838321e-279
4.349349349349349581e+00 2.079648394452264040e-280
4.354354354354354584e+00 7.167648599356963469e-282
4.359359359359359587e+00 2.437063897790423760e-283
4.364364364364364590e+00 8.174169386119692613e-285
4.369369369369369593e+00 2.704518226189277951e-286
4.374374374374374597e+00 8.826505223615700171e-288
4.379379379379379600e+00 2.841340236390359903e-289
4.384384384384384603e+00 9.021448174253323820e-291
4.389389389389389606e+00 2.825080153120553913e-292
4.394394394394394610e+00 8.725085655335507524e-294
4.399399399399399613e+00 2.657516169192126564e-295
4.404404404404404616e+00 7.982377749754636384e-297
4.409409409409409619e+00 2.364403556675248368e-298
4.414414414414414622e+00 6.906001902019295486e-300
4.419419419419419626e+00 1.988979513863427359e-301
4.424424424424424629e+00 5.648266618574287263e-303
4.429429429429429632e+00 1.581481210625968721e-304
4.434434434434434635e+00 4.365756710496468860e-306
4.439439439439439639e+00 1.188185690629580891e-307
4.444444444444444642e+00 3.188019857656172662e-309
4.449449449449449645e+00 8.432419803320212330e-311
4.454454454454454648e+00 2.198672184727729742e-312
4.459459459459459651e+00 5.651039249861391779e-314
4.464464464464464655e+00 1.431654436969322618e-315
4.469469469469469658e+00 3.574807039827880958e-317
4.474474474474474661e+00 8.791552321792893381e-319
4.479479479479479664e+00 1.953535563656288836e-320
4.484484484484484668e+00 0.000000000000000000e+00
4.489489489489489671e+00 0.000000000000000000e+00
4.494494494494494674e+00 0.000000000000000000e+00
4.499499499499499677e+00 0.000000000000000000e+00
4.504504504504504681e+00 0.000000000000000000e+00
4.509509509509509684e+00 0.000000000000000000e+00
4.514514514514514687e+00 0.000000000000000000e+00
4.519519519519519690e+00 0.000000000000000000e+00
4.524524524524524693e+00 0.000000000000000000e+00
4.529529529529529697e+00 0.000000000000000000e+00
4.534534534534534700e+00 0.000000000000000000e+00
4.539539539539539703e+00 0.000000000000000000e+00
4.544544544544544706e+00 0.000000000000000000e+00
4.549549549549549710e+00 0.000000000000000000e+00
4.554554554554554713e+00 0.000000000000000000e+00
4.559559559559559716e+00 0.000000000000000000e+00
4.564564564564564719e+00 0.000000000000000000e+00
4.569569569569569722e+00 0.000000000000000000e+00
4.574574574574574726e+00 0.000000000000000000e+00
4.579579579579579729e+00 0.000000000000000000e+00
4.584584584584584732e+00 0.000000000000000000e+00
4.589589589589589735e+00 0.000000000000000000e+00
4.594594594594594739e+00 0.000000000000000000e+00
4.599599599599599742e+00 0.000000000000000000e+00
4.604604604604604745e+00 0.000000000000000000e+00
4.609609609609609748e+00 0.000000000000000000e+00
4.614614614614614752e+00 0.000000000000000000e+00
4.619619619619619755e+00 0.000000000000000000e+00
4.624624624624624758e+00 0.000000000000000000e+00
4.629629629629629761e+00 0.000000000000000000e+00
4.634634634634634764e+00 0.000000000000000000e+00
4.639639639639639768e+00 0.000000000000000000e+00
4.644644644644644771e+00 0.000000000000000000e+00
4.649649649649649774e+00 0.000000000000000000e+00
4.654654654654654777e+00 0.000000000000000000e+00
4.659659659659659781e+00 0.000000000000000000e+00
4.664664664664664784e+00 0.000000000000000000e+00
4.669669669669669787e+00 0.000000000000000000e+00
4.674674674674674790e+00 0.000000000000000000e+00
4.679679679679679793e+00 0.000000000000000000e+00
4.684684684684684797e+00 0.000000000000000000e+00
4.689689689689689800e+00 0.000000000000000000e+00
4.694694694694694803e+00 0.000000000000000000e+00
4.699699699699699806e+00 0.000000000000000000e+00
4.704704704704704810e+00 0.000000000000000000e+00
4.709709709709709813e+00 0.000000000000000000e+00
4.714714714714714816e+00 0.000000000000000000e+00
4.719719719719719819e+00 0.000000000000000000e+00
4.724724724724724823e+00 0.000000000000000000e+00
4.729729729729729826e+00 0.000000000000000000e+00
4.734734734734734829e+00 0.000000000000000000e+00
4.739739739739739832e+00 0.000000000000000000e+00
4.744744744744744835e+00 0.000000000000000000e+00
4.749749749749749839e+00 0.000000000000000000e+00
4.754754754754754842e+00 0.000000000000000000e+00
4.759759759759759845e+00 0.000000000000000000e+00
4.764764764764764848e+00 0.000000000000000000e+00
4.769769769769769852e+00 0.000000000000000000e+00
4.774774774774774855e+00 0.000000000000000000e+00
4.779779779779779858e+00 0.000000000000000000e+00
4.784784784784784861e+00 0.000000000000000000e+00
4.789789789789789864e+00 0.000000000000000000e+00
4.794794794794794868e+00 0.000000000000000000e+00
4.799799799799799871e+00 0.000000000000000000e+00
4.804804804804804874e+00 0.000000000000000000e+00
4.809809809809809877e+00 0.000000000000000000e+00
4.814814814814814881e+00 0.000000000000000000e+00
4.819819819819819884e+00 0.000000000000000000e+00
4.824824824824824887e+00 0.000000000000000000e+00
4.829829829829829890e+00 0.000000000000000000e+00
4.834834834834834894e+00 0.000000000000000000e+00
4.839839839839839897e+00 0.000000000000000000e+00
4.844844844844844900e+00 0.000000000000000000e+00
4.849849849849849903e+00 0.000000000000000000e+00
4.854854854854854906e+00 0.000000000000000000e+00
4.859859859859859910e+00 0.000000000000000000e+00
4.864864864864864913e+00 0.000000000000000000e+00
4.869869869869869916e+00 0.000000000000000000e+00
4.874874874874874919e+00 0.000000000000000000e+00
4.879879879879879923e+00 0.000000000000000000e+00
4.884884884884884926e+00 0.000000000000000000e+00
4.889889889889889929e+00 0.000000000000000000e+00
4.894894894894894932e+00 0.000000000000000000e+00
4.899899899899899935e+00 0.000000000000000000e+00
4.904904904904904939e+00 0.000000000000000000e+00
4.909909909909909942e+00 0.000000000000000000e+00
4.914914914914914945e+00 0.000000000000000000e+00
4.919919919919919948e+00 0.000000000000000000e+00
4.924924924924924952e+00 0.000000000000000000e+00
4.929929929929929955e+00 0.000000000000000000e+00
4.934934934934934958e+00 0.000000000000000000e+00
4.939939939939939961e+00 0.000000000000000000e+00
4.944944944944944965e+00 0.000000000000000000e+00
4.949949949949949968e+00 0.000000000000000000e+00
4.954954954954954971e+00 0.000000000000000000e+00
4.959959959959959974e+00 0.000000000000000000e+00
4.964964964964964977e+00 0.000000000000000000e+00
4.969969969969969981e+00 0.000000000000000000e+00
4.974974974974974984e+00 0.000000000000000000e+00
4.979979979979979987e+00 0.000000000000000000e+00
4.984984984984984990e+00 0.000000000000000000e+00
4.989989989989989994e+00 0.000000000000000000e+00
4.994994994994994997e+00 0.000000000000000000e+00
5.000000000000000000e+00 0.000000000000000000e+00
