0.000000000000000000e+00 0.000000000000000000e+00
5.005005005005004962e-03 4.844621762423567332e-03
1.001001001001000992e-02 1.906588382527546824e-02
1.501501501501501488e-02 4.224609520750428893e-02
2.002002002002001985e-02 7.392828771096025819e-02
2.502502502502502307e-02 1.136153095827010795e-01
3.003003003003002977e-02 1.607785420089799522e-01
3.503503503503503647e-02 2.148661211655180092e-01
4.004004004004003969e-02 2.753101056061086904e-01
4.504504504504504292e-02 3.415326864259514705e-01
5.005005005005004615e-02 4.129515884993746888e-01
5.505505505505505631e-02 4.889847865092086243e-01
6.006006006006005954e-02 5.690546313228528330e-01
6.506506506506506970e-02 6.525914604613815007e-01
7.007007007007007293e-02 7.390367507204835817e-01
7.507507507507507616e-02 8.278458598528046775e-01
8.008008008008007939e-02 9.184903962393559107e-01
8.508508508508508261e-02 1.010460249678058586e+00
9.009009009009008584e-02 1.103265312125466968e+00
9.509509509509508907e-02 1.196436913985525541e+00
1.001001001001000923e-01 1.289528999034939005e+00
1.051051051051051094e-01 1.382119059094012448e+00
1.101101101101101126e-01 1.473808847945588196e+00
1.151151151151151159e-01 1.564224892668458766e+00
1.201201201201201191e-01 1.653018819411245177e+00
1.251251251251251362e-01 1.739867509635327769e+00
1.301301301301301394e-01 1.824473101963079547e+00
1.351351351351351426e-01 1.906562853953013059e+00
1.401401401401401459e-01 1.985888877366886573e+00
1.451451451451451491e-01 2.062227759781091851e+00
1.501501501501501523e-01 2.135380084715734927e+00
1.551551551551551555e-01 2.205169861802545039e+00
1.601601601601601588e-01 2.271443877882097784e+00
1.651651651651651620e-01 2.334070979308579208e+00
1.701701701701701652e-01 2.392941295144147329e+00
1.751751751751751685e-01 2.447965410343694526e+00
1.801801801801801717e-01 2.499073497463672577e+00
1.851851851851851749e-01 2.546214414875543230e+00
1.901901901901901781e-01 2.589354778925268885e+00
1.951951951951951814e-01 2.628478016955578145e+00
2.002002002002001846e-01 2.663583407597697850e+00
2.052052052052052156e-01 2.694685114244617097e+00
2.102102102102102188e-01 2.721811217139018080e+00
2.152152152152152220e-01 2.745002749046458135e+00
2.202202202202202252e-01 2.764312739038647049e+00
2.252252252252252285e-01 2.779805268483152680e+00
2.302302302302302317e-01 2.791554542925000604e+00
2.352352352352352349e-01 2.799643983152671378e+00
2.402402402402402382e-01 2.804165338366265914e+00
2.452452452452452414e-01 2.805217824009091920e+00
2.502502502502502724e-01 2.802907286485879279e+00
2.552552552552552756e-01 2.797345396671143458e+00
2.602602602602602788e-01 2.788648873809810080e+00
2.652652652652652820e-01 2.776938741129037602e+00
2.702702702702702853e-01 2.762339614214884609e+00
2.752752752752752885e-01 2.744979022959876058e+00
2.802802802802802917e-01 2.724986767657299414e+00
2.852852852852852950e-01 2.702494309604742462e+00
2.902902902902902982e-01 2.677634196382637555e+00
2.952952952952953014e-01 2.650539521792880659e+00
3.003003003003003046e-01 2.621343420277400860e+00
3.053053053053053079e-01 2.590178595486429813e+00
3.103103103103103111e-01 2.557176882530495021e+00
3.153153153153153143e-01 2.522468843328299570e+00
3.203203203203203175e-01 2.486183394354039233e+00
3.253253253253253208e-01 2.448447465991746341e+00
3.303303303303303240e-01 2.409385692620245045e+00
3.353353353353353272e-01 2.369120132479751284e+00
3.403403403403403304e-01 2.327770016309270940e+00
3.453453453453453337e-01 2.285451523692230591e+00
3.503503503503503369e-01 2.242277586005542389e+00
3.553553553553553401e-01 2.198357714833914844e+00
3.603603603603603434e-01 2.153797854686152480e+00
3.653653653653653466e-01 2.108700258832742147e+00
3.703703703703703498e-01 2.063163387073666311e+00
3.753753753753753530e-01 2.017281824241619059e+00
3.803803803803803563e-01 1.971146218247928683e+00
3.853853853853853595e-01 1.924843236486093012e+00
3.903903903903903627e-01 1.878455539420440079e+00
3.953953953953953659e-01 1.832061770204348461e+00
4.004004004004003692e-01 1.785736559193503270e+00
4.054054054054054279e-01 1.739550542244137077e+00
4.104104104104104311e-01 1.693570391713843160e+00
4.154154154154154344e-01 1.647858859112863783e+00
4.204204204204204376e-01 1.602474828386395655e+00
4.254254254254254408e-01 1.557473378843092338e+00
4.304304304304304440e-01 1.512905856781185499e+00
4.354354354354354473e-01 1.468819954901159575e+00
4.404404404404404505e-01 1.425259798632590336e+00
4.454454454454454537e-01 1.382266038541982933e+00
4.504504504504504570e-01 1.339875948028365960e+00
4.554554554554554602e-01 1.298123525553434243e+00
4.604604604604604634e-01 1.257039600693210746e+00
4.654654654654654666e-01 1.216651943338209030e+00
4.704704704704704699e-01 1.176985375408743151e+00
4.754754754754754731e-01 1.138061884491290199e+00
4.804804804804804763e-01 1.099900738840360326e+00
4.854854854854854795e-01 1.062518603228232550e+00
4.904904904904904828e-01 1.025929655161858856e+00
4.954954954954954860e-01 9.901457010223245758e-01
5.005005005005005447e-01 9.551762917172277323e-01
5.055055055055055480e-01 9.210288374702292336e-01
5.105105105105105512e-01 8.877087214047573172e-01
5.155155155155155544e-01 8.552194116103428723e-01
5.205205205205205576e-01 8.235625714102784434e-01
5.255255255255255609e-01 7.927381675782583237e-01
5.305305305305305641e-01 7.627445762793102491e-01
5.355355355355355673e-01 7.335786865365846454e-01
5.405405405405405705e-01 7.052360010506180110e-01
5.455455455455455738e-01 6.777107342212935759e-01
5.505505505505505770e-01 6.509959072451040329e-01
5.555555555555555802e-01 6.250834401813009089e-01
5.605605605605605835e-01 5.999642409003266286e-01
5.655655655655655867e-01 5.756282908463398185e-01
5.705705705705705899e-01 5.520647275629347872e-01
5.755755755755755931e-01 5.292619239471787473e-01
5.805805805805805964e-01 5.072075642119210359e-01
5.855855855855855996e-01 4.858887165501026839e-01
5.905905905905906028e-01 4.652919025073575243e-01
5.955955955955956060e-01 4.454031630807936404e-01
6.006006006006006093e-01 4.262081215723498295e-01
6.056056056056056125e-01 4.076920432346938239e-01
6.106106106106106157e-01 3.898398917562482247e-01
6.156156156156156189e-01 3.726363826396307255e-01
6.206206206206206222e-01 3.560660335347083372e-01
6.256256256256256254e-01 3.401132115934948907e-01
6.306306306306306286e-01 3.247621779194565517e-01
6.356356356356356319e-01 3.099971291883530378e-01
6.406406406406406351e-01 2.958022365216643745e-01
6.456456456456456383e-01 2.821616816969105823e-01
6.506506506506506415e-01 2.690596907818580963e-01
6.556556556556556448e-01 2.564805652817206960e-01
6.606606606606606480e-01 2.444087108900603045e-01
6.656656656656656512e-01 2.328286639352325771e-01
6.706706706706706544e-01 2.217251156148821178e-01
6.756756756756756577e-01 2.110829341112865354e-01
6.806806806806806609e-01 2.008871846802326999e-01
6.856856856856856641e-01 1.911231478056781841e-01
6.906906906906906674e-01 1.817763355116948920e-01
6.956956956956956706e-01 1.728325059221607618e-01
7.007007007007006738e-01 1.642776761573880306e-01
7.057057057057056770e-01 1.560981336553589338e-01
7.107107107107106803e-01 1.482804460035427041e-01
7.157157157157156835e-01 1.408114693653747251e-01
7.207207207207206867e-01 1.336783555834509529e-01
7.257257257257256899e-01 1.268685580393157097e-01
7.307307307307306932e-01 1.203698363474466904e-01
7.357357357357356964e-01 1.141702599586684186e-01
7.407407407407406996e-01 1.082582107457714105e-01
7.457457457457457028e-01 1.026223846416186164e-01
7.507507507507507061e-01 9.725179239745634918e-02
7.557557557557557093e-01 9.213575952657661328e-02
7.607607607607607125e-01 8.726392549586865777e-02
7.657657657657657158e-01 8.262624222519826533e-02
7.707707707707707190e-01 7.821297195195098251e-02
7.757757757757757222e-01 7.401468451548350036e-02
7.807807807807807254e-01 7.002225411367261898e-02
7.857857857857857287e-01 6.622685558120944282e-02
7.907907907907907319e-01 6.261996023679808343e-02
7.957957957957957351e-01 5.919333134396286694e-02
8.008008008008007383e-01 5.593901922777089197e-02
8.058058058058058526e-01 5.284935608742639956e-02
8.108108108108108558e-01 4.991695054241190171e-02
8.158158158158158590e-01 4.713468194761576135e-02
8.208208208208208623e-01 4.449569451073878690e-02
8.258258258258258655e-01 4.199339124316788657e-02
8.308308308308308687e-01 3.962142777349017542e-02
8.358358358358358720e-01 3.737370605086604708e-02
8.408408408408408752e-01 3.524436796360055218e-02
8.458458458458458784e-01 3.322778889644828482e-02
8.508508508508508816e-01 3.131857124845006946e-02
8.558558558558558849e-01 2.951153793144304510e-02
8.608608608608608881e-01 2.780172586779847826e-02
8.658658658658658913e-01 2.618437950442468326e-02
8.708708708708708945e-01 2.465494435863351680e-02
8.758758758758758978e-01 2.320906061009198745e-02
8.808808808808809010e-01 2.184255675178276707e-02
8.858858858858859042e-01 2.055144331165747670e-02
8.908908908908909074e-01 1.933190665550373749e-02
8.958958958958959107e-01 1.818030288043860979e-02
9.009009009009009139e-01 1.709315180740475157e-02
9.059059059059059171e-01 1.606713108006577184e-02
9.109109109109109204e-01 1.509907037657694066e-02
9.159159159159159236e-01 1.418594573984830777e-02
9.209209209209209268e-01 1.332487403110832989e-02
9.259259259259259300e-01 1.251310751082579560e-02
9.309309309309309333e-01 1.174802855034505489e-02
9.359359359359359365e-01 1.102714447693935521e-02
9.409409409409409397e-01 1.034808255438030185e-02
9.459459459459459429e-01 9.708585100564645631e-03
9.509509509509509462e-01 9.106504743221756348e-03
9.559559559559559494e-01 8.539799814250882692e-03
9.609609609609609526e-01 8.006529882801613138e-03
9.659659659659659559e-01 7.504851426812015301e-03
9.709709709709709591e-01 7.033013642356015019e-03
9.759759759759759623e-01 6.589354389821455021e-03
9.809809809809809655e-01 6.172296275642335205e-03
9.859859859859859688e-01 5.780342868039589806e-03
9.909909909909909720e-01 5.412075044984926940e-03
9.959959959959959752e-01 5.066147472387905713e-03
1.001001001001001089e+00 4.741285210316768806e-03
1.006006006006006093e+00 4.436280444898257035e-03
1.011011011011011096e+00 4.149989343395843640e-03
1.016016016016016099e+00 3.881329029842819824e-03
1.021021021021021102e+00 3.629274678500542684e-03
1.026026026026026106e+00 3.392856722324208343e-03
1.031031031031031109e+00 3.171158173547134872e-03
1.036036036036036112e+00 2.963312053437609003e-03
1.041041041041041115e+00 2.768498928239445690e-03
1.046046046046046119e+00 2.585944548277679944e-03
1.051051051051051122e+00 2.414917587191823308e-03
1.056056056056056125e+00 2.254727478252026730e-03
1.061061061061061128e+00 2.104722344715143859e-03
1.066066066066066131e+00 1.964287021188930275e-03
1.071071071071071135e+00 1.832841162991439557e-03
1.076076076076076138e+00 1.709837440518980527e-03
1.081081081081081141e+00 1.594759815668939790e-03
1.086086086086086144e+00 1.487121897402064654e-03
1.091091091091091148e+00 1.386465373572900832e-03
1.096096096096096151e+00 1.292358516205078644e-03
1.101101101101101154e+00 1.204394757440697310e-03
1.106106106106106157e+00 1.122191333448599275e-03
1.111111111111111160e+00 1.045387993635238594e-03
1.116116116116116164e+00 9.736457725628602355e-04
1.121121121121121167e+00 9.066458220431552030e-04
1.126126126126126170e+00 8.440883009394740781e-04
1.131131131131131173e+00 7.856913202769432412e-04
1.136136136136136177e+00 7.311899413272438366e-04
1.141141141141141180e+00 6.803352244026411198e-04
1.146146146146146183e+00 6.328933261623959604e-04
1.151151151151151186e+00 5.886446433031158930e-04
1.156156156156156189e+00 5.473830005731997184e-04
1.161161161161161193e+00 5.089148811196022616e-04
1.166166166166166196e+00 4.730586972429615513e-04
1.171171171171171199e+00 4.396440997041698817e-04
1.176176176176176202e+00 4.085113237917616514e-04
1.181181181181181206e+00 3.795105704248915158e-04
1.186186186186186209e+00 3.525014206309386275e-04
1.191191191191191212e+00 3.273522818000234669e-04
1.196196196196196215e+00 3.039398641806076396e-04
1.201201201201201219e+00 2.821486861409991300e-04
1.206206206206206222e+00 2.618706067808463105e-04
1.211211211211211225e+00 2.430043845344882422e-04
1.216216216216216228e+00 2.254552604643935180e-04
1.221221221221221231e+00 2.091345649977280265e-04
1.226226226226226235e+00 1.939593469123948111e-04
1.231231231231231238e+00 1.798520234305739807e-04
1.236236236236236241e+00 1.667400503279874028e-04
1.241241241241241244e+00 1.545556110156501176e-04
1.246246246246246248e+00 1.432353235978779790e-04
1.251251251251251251e+00 1.327199649557448400e-04
1.256256256256256254e+00 1.229542109490258954e-04
1.261261261261261257e+00 1.138863918719834714e-04
1.266266266266266260e+00 1.054682623391197207e-04
1.271271271271271264e+00 9.765478481629170427e-05
1.276276276276276267e+00 9.040392605035213241e-05
1.281281281281281270e+00 8.367646568680682799e-05
1.286286286286286273e+00 7.743581639986572666e-05
1.291291291291291277e+00 7.164785489274370001e-05
1.296296296296296280e+00 6.628076315819707352e-05
1.301301301301301283e+00 6.130487942005569254e-05
1.306306306306306286e+00 5.669255820600204322e-05
1.311311311311311290e+00 5.241803903006587350e-05
1.316316316316316293e+00 4.845732319029942683e-05
1.321321321321321296e+00 4.478805821289409184e-05
1.326326326326326299e+00 4.138942949865300538e-05
1.331331331331331302e+00 3.824205875126351548e-05
1.336336336336336306e+00 3.532790878926143056e-05
1.341341341341341309e+00 3.263019436499250243e-05
1.346346346346346312e+00 3.013329863427471300e-05
1.351351351351351315e+00 2.782269493989932959e-05
1.356356356356356319e+00 2.568487359060772713e-05
1.361361361361361322e+00 2.370727333478130747e-05
1.366366366366366325e+00 2.187821724481935222e-05
1.371371371371371328e+00 2.018685274408525758e-05
1.376376376376376331e+00 1.862309552341712265e-05
1.381381381381381335e+00 1.717757710854303711e-05
1.386386386386386338e+00 1.584159585336308593e-05
1.391391391391391341e+00 1.460707114697199024e-05
1.396396396396396344e+00 1.346650063454880378e-05
1.401401401401401348e+00 1.241292026384200211e-05
1.406406406406406351e+00 1.143986697997576683e-05
1.411411411411411354e+00 1.054134390171207952e-05
1.416416416416416357e+00 9.711787822155132390e-06
1.421421421421421361e+00 8.946038886206265450e-06
1.426426426426426364e+00 8.239312305889989478e-06
1.431431431431431367e+00 7.587171983003579221e-06
1.436436436436436370e+00 6.985505916412362046e-06
1.441441441441441373e+00 6.430503278748676245e-06
1.446446446446446377e+00 5.918633054288547928e-06
1.451451451451451380e+00 5.446624136404630146e-06
1.456456456456456383e+00 5.011446789240517756e-06
1.461461461461461386e+00 4.610295384143119684e-06
1.466466466466466390e+00 4.240572326943067307e-06
1.471471471471471393e+00 3.899873097404970533e-06
1.476476476476476396e+00 3.585972327098596481e-06
1.481481481481481399e+00 3.296810846581510661e-06
1.486486486486486402e+00 3.030483637152143502e-06
1.491491491491491406e+00 2.785228626541331456e-06
1.496496496496496409e+00 2.559416271775492390e-06
1.501501501501501412e+00 2.351539876079092203e-06
1.506506506506506415e+00 2.160206590099303665e-06
1.511511511511511419e+00 1.984129050945523729e-06
1.516516516516516422e+00 1.822117615550609047e-06
1.521521521521521425e+00 1.673073147691330735e-06
1.526526526526526428e+00 1.535980320662173687e-06
1.531531531531531432e+00 1.409901400089655303e-06
1.536536536536536435e+00 1.293970473712760816e-06
1.541541541541541438e+00 1.187388097148140953e-06
1.546546546546546441e+00 1.089416326714258664e-06
1.551551551551551444e+00 9.993741123153493292e-07
1.556556556556556448e+00 9.166330251908416957e-07
1.561561561561561451e+00 8.406132970263281167e-07
1.566566566566566454e+00 7.707801485048883661e-07
1.571571571571571457e+00 7.066403868590433490e-07
1.576576576576576461e+00 6.477392533696464938e-07
1.581581581581581464e+00 5.936575030550474320e-07
1.586586586586586467e+00 5.440087000063030978e-07
1.591591591591591470e+00 4.984367129580169670e-07
1.596596596596596473e+00 4.566133967441518964e-07
1.601601601601601477e+00 4.182364462780637545e-07
1.606606606606606702e+00 3.830274106210263301e-07
1.611611611611611705e+00 3.507298555671338957e-07
1.616616616616616708e+00 3.211076639787422701e-07
1.621621621621621712e+00 2.939434638592704681e-07
1.626626626626626715e+00 2.690371748522859261e-07
1.631631631631631718e+00 2.462046645108895091e-07
1.636636636636636721e+00 2.252765062921914739e-07
1.641641641641641725e+00 2.060968318012762191e-07
1.646646646646646728e+00 1.885222703397918980e-07
1.651651651651651731e+00 1.724209693089957391e-07
1.656656656656656734e+00 1.576716894778676603e-07
1.661661661661661737e+00 1.441629695560374900e-07
1.666666666666666741e+00 1.317923549109307373e-07
1.671671671671671744e+00 1.204656856404132461e-07
1.676676676676676747e+00 1.100964395584747621e-07
1.681681681681681750e+00 1.006051259734835413e-07
1.686686686686686754e+00 9.191872643815392037e-08
1.691691691691691757e+00 8.397017892896191857e-08
1.696696696696696760e+00 7.669790217171187382e-08
1.701701701701701763e+00 7.004535707072477703e-08
1.706706706706706766e+00 6.396064242279842576e-08
1.711711711711711770e+00 5.839612230491136821e-08
1.716716716716716773e+00 5.330808271769123753e-08
1.721721721721721776e+00 4.865641524587044960e-08
1.726726726726726779e+00 4.440432566338625775e-08
1.731731731731731783e+00 4.051806556519402023e-08
1.736736736736736786e+00 3.696668525118058443e-08
1.741741741741741789e+00 3.372180622051536652e-08
1.746746746746746792e+00 3.075741175807211823e-08
1.751751751751751796e+00 2.804965420889852976e-08
1.756756756756756799e+00 2.557667764271236541e-08
1.761761761761761802e+00 2.331845470863828861e-08
1.766766766766766805e+00 2.125663657144897077e-08
1.771771771771771808e+00 1.937441490490444340e-08
1.776776776776776812e+00 1.765639499590546218e-08
1.781781781781781815e+00 1.608847908551827478e-08
1.786786786786786818e+00 1.465775913989405796e-08
1.791791791791791821e+00 1.335241830610128292e-08
1.796796796796796825e+00 1.216164036525445654e-08
1.801801801801801828e+00 1.107552654839468215e-08
1.806806806806806831e+00 1.008501912967865981e-08
1.811811811811811834e+00 9.181831256829524817e-09
1.816816816816816837e+00 8.358382520788879147e-09
1.821821821821821841e+00 7.607739805312813128e-09
1.826826826826826844e+00 6.923562993122016523e-09
1.831831831831831847e+00 6.300055138358281113e-09
1.836836836836836850e+00 5.731916745713595965e-09
1.841841841841841854e+00 5.214303824879564214e-09
1.846846846846846857e+00 4.742789415075605442e-09
1.851851851851851860e+00 4.313328298525387510e-09
1.856856856856856863e+00 3.922224644004888528e-09
1.861861861861861867e+00 3.566102342122944154e-09
1.866866866866866870e+00 3.241877812945318786e-09
1.871871871871871873e+00 2.946735084054999116e-09
1.876876876876876876e+00 2.678102953263639654e-09
1.881881881881881879e+00 2.433634065057533528e-09
1.886886886886886883e+00 2.211185743567937423e-09
1.891891891891891886e+00 2.008802437489826177e-09
1.896896896896896889e+00 1.824699644017641842e-09
1.901901901901901892e+00 1.657249189593807326e-09
1.906906906906906896e+00 1.504965755149717867e-09
1.911911911911911899e+00 1.366494542620984495e-09
1.916916916916916902e+00 1.240599987900902424e-09
1.921921921921921905e+00 1.126155433113601998e-09
1.926926926926926908e+00 1.022133678191504131e-09
1.931931931931931912e+00 9.275983382796911081e-10
1.936936936936936915e+00 8.416959395051644350e-10
1.941941941941941918e+00 7.636486911829335206e-10
1.946946946946946921e+00 6.927478776213389349e-10
1.951951951951951925e+00 6.283478173698063765e-10
1.956956956956956928e+00 5.698603420562504408e-10
1.961961961961961931e+00 5.167497509179837668e-10
1.966966966966966934e+00 4.685282007661854301e-10
1.971971971971971938e+00 4.247514944658017946e-10
1.976976976976976941e+00 3.850152340828414216e-10
1.981981981981981944e+00 3.489513076711225267e-10
1.986986986986986947e+00 3.162246812609164195e-10
1.991991991991991950e+00 2.865304699900473804e-10
1.996996996996996954e+00 2.595912645018304554e-10
2.002002002002002179e+00 2.351546907384466896e-10
2.007007007007007182e+00 2.129911830978703530e-10
2.012012012012012185e+00 1.928919526104085834e-10
2.017017017017017189e+00 1.746671333394044536e-10
2.022022022022022192e+00 1.581440916310251208e-10
2.027027027027027195e+00 1.431658841407560359e-10
2.032032032032032198e+00 1.295898517585826404e-10
2.037037037037037202e+00 1.172863376498939532e-10
2.042042042042042205e+00 1.061375186328633594e-10
2.047047047047047208e+00 9.603634003284535729e-11
2.052052052052052211e+00 8.688554499722454109e-11
2.057057057057057214e+00 7.859679002627160560e-11
2.062062062062062218e+00 7.108983918281418003e-11
2.067067067067067221e+00 6.429183009128395746e-11
2.072072072072072224e+00 5.813660542974248494e-11
2.077077077077077227e+00 5.256410416149095046e-11
2.082082082082082231e+00 4.751980724984318917e-11
2.087087087087087234e+00 4.295423305448248868e-11
2.092092092092092237e+00 3.882247802403137762e-11
2.097097097097097240e+00 3.508379868020803864e-11
2.102102102102102243e+00 3.170123123723309665e-11
2.107107107107107247e+00 2.864124551869466553e-11
2.112112112112112250e+00 2.587343012532569794e-11
2.117117117117117253e+00 2.337020607346018329e-11
2.122122122122122256e+00 2.110656636733889361e-11
2.127127127127127260e+00 1.905983919091209058e-11
2.132132132132132263e+00 1.720947260808574912e-11
2.137137137137137266e+00 1.553683884608791837e-11
2.142142142142142269e+00 1.402505640631513135e-11
2.147147147147147273e+00 1.265882840198139683e-11
2.152152152152152276e+00 1.142429566341248242e-11
2.157157157157157279e+00 1.030890328104457275e-11
2.162162162162162282e+00 9.301279374139669729e-12
2.167167167167167285e+00 8.391124980902271670e-12
2.172172172172172289e+00 7.569114063935922302e-12
2.177177177177177292e+00 6.826802714634912269e-12
2.182182182182182295e+00 6.156546721901357780e-12
2.187187187187187298e+00 5.551426745186797621e-12
2.192192192192192302e+00 5.005180399901275220e-12
2.197197197197197305e+00 4.512140625284985284e-12
2.202202202202202308e+00 4.067179761405903700e-12
2.207207207207207311e+00 3.665658813519012677e-12
2.212212212212212314e+00 3.303381429024718781e-12
2.217217217217217318e+00 2.976552155097445093e-12
2.222222222222222321e+00 2.681738584084741527e-12
2.227227227227227324e+00 2.415837029330845696e-12
2.232232232232232327e+00 2.176041406465581816e-12
2.237237237237237331e+00 1.959815024694536881e-12
2.242242242242242334e+00 1.764865019483160392e-12
2.247247247247247337e+00 1.589119182481099742e-12
2.252252252252252340e+00 1.430704966791394428e-12
2.257257257257257343e+00 1.287930465949476653e-12
2.262262262262262347e+00 1.159267183412991025e-12
2.267267267267267350e+00 1.043334426139388876e-12
2.272272272272272353e+00 9.388851710894425572e-13
2.277277277277277356e+00 8.447932673765180360e-13
2.282282282282282360e+00 7.600418494070577299e-13
2.287287287287287363e+00 6.837128478378544387e-13
2.292292292292292366e+00 6.149774956139395684e-13
2.297297297297297369e+00 5.530877358398267260e-13
2.302302302302302373e+00 4.973684468612898673e-13
2.307307307307307376e+00 4.472104077728749517e-13
2.312312312312312379e+00 4.020639346884087120e-13
2.317317317317317382e+00 3.614331245820874351e-13
2.322322322322322385e+00 3.248706493853879217e-13
2.327327327327327389e+00 2.919730483634457365e-13
2.332332332332332392e+00 2.623764716422306706e-13
2.337337337337337395e+00 2.357528321597280262e-13
2.342342342342342398e+00 2.118063273102688838e-13
2.347347347347347402e+00 1.902702951785503075e-13
2.352352352352352405e+00 1.709043735519162434e-13
2.357357357357357408e+00 1.534919328867870342e-13
2.362362362362362411e+00 1.378377571157419649e-13
2.367367367367367414e+00 1.237659486405275236e-13
2.372372372372372418e+00 1.111180360867487596e-13
2.377377377377377421e+00 9.975126541870024153e-14
2.382382382382382424e+00 8.953705684701895231e-14
2.387387387387387427e+00 8.035961162491786138e-14
2.392392392392392431e+00 7.211465433626289421e-14
2.397397397397397434e+00 6.470829764528307718e-14
2.402402402402402437e+00 5.805601771607836246e-14
2.407407407407407440e+00 5.208172963223985696e-14
2.412412412412412444e+00 4.671695316361534459e-14
2.417417417417417447e+00 4.190006014824636248e-14
2.422422422422422450e+00 3.757559559170736819e-14
2.427427427427427453e+00 3.369366534159257679e-14
2.432432432432432456e+00 3.020938387895079795e-14
2.437437437437437460e+00 2.708237638786794519e-14
2.442442442442442463e+00 2.427632982504855184e-14
2.447447447447447466e+00 2.175858821874141221e-14
2.452452452452452469e+00 1.949978788562139369e-14
2.457457457457457473e+00 1.747352866981215093e-14
2.462462462462462476e+00 1.565607768423655127e-14
2.467467467467467479e+00 1.402610237460215066e-14
2.472472472472472482e+00 1.256443003398047353e-14
2.477477477477477485e+00 1.125383117416380101e-14
2.482482482482482489e+00 1.007882441156506370e-14
2.487487487487487492e+00 9.025500752891580192e-15
2.492492492492492495e+00 8.081365371448690055e-15
2.497497497497497498e+00 7.235195150786752865e-15
2.502502502502502502e+00 6.476910440381027396e-15
2.507507507507507505e+00 5.797459619811666764e-15
2.512512512512512508e+00 5.188715205052021144e-15
2.517517517517517511e+00 4.643380354360476050e-15
2.522522522522522515e+00 4.154904743170697491e-15
2.527527527527527518e+00 3.717408878443839333e-15
2.532532532532532521e+00 3.325616014203794522e-15
2.537537537537537524e+00 2.974790912380189187e-15
2.542542542542542527e+00 2.660684767471980061e-15
2.547547547547547531e+00 2.379485680692005279e-15
2.552552552552552534e+00 2.127774129856499799e-15
2.557557557557557537e+00 1.902482935972786159e-15
2.562562562562562540e+00 1.700861276823727255e-15
2.567567567567567544e+00 1.520442342366676476e-15
2.572572572572572547e+00 1.359014266922304724e-15
2.577577577577577550e+00 1.214594009349310990e-15
2.582582582582582553e+00 1.085403885064882169e-15
2.587587587587587556e+00 9.698504832235920171e-16
2.592592592592592560e+00 8.665057289224265867e-16
2.597597597597597563e+00 7.740898742368015732e-16
2.602602602602602566e+00 6.914562234689664171e-16
2.607607607607607569e+00 6.175774174353443099e-16
2.612612612612612573e+00 5.515331191411553399e-16
2.617617617617617576e+00 4.924989589785302491e-16
2.622622622622622579e+00 4.397366118063742693e-16
2.627627627627627582e+00 3.925848910814500248e-16
2.632632632632632586e+00 3.504517567484108833e-16
2.637637637637637589e+00 3.128071439866860003e-16
2.642642642642642592e+00 2.791765292681751346e-16
2.647647647647647595e+00 2.491351586022456380e-16
2.652652652652652598e+00 2.223028704269028855e-16
2.657657657657657602e+00 1.983394524293031824e-16
2.662662662662662605e+00 1.769404777204480522e-16
2.667667667667667608e+00 1.578335713153617022e-16
2.672672672672672611e+00 1.407750628423859888e-16
2.677677677677677615e+00 1.255469858782558451e-16
2.682682682682682618e+00 1.119543883292649297e-16
2.687687687687687621e+00 9.982292189741648539e-17
2.692692692692692624e+00 8.899668192471963236e-17
2.697697697697697627e+00 7.933627183471907759e-17
2.702702702702702631e+00 7.071706902097798925e-17
2.707707707707707634e+00 6.302767139694007148e-17
2.712712712712712637e+00 5.616850594703274941e-17
2.717717717717717640e+00 5.005058252901692426e-17
2.722722722722722644e+00 4.459437789403141992e-17
2.727727727727727647e+00 3.972883643294272999e-17
2.732732732732732650e+00 3.539047554307966802e-17
2.737737737737737653e+00 3.152258475390247318e-17
2.742742742742742657e+00 2.807450886787992987e-17
2.747747747747747660e+00 2.500100637662470474e-17
2.752752752752752663e+00 2.226167531360571853e-17
2.757757757757757666e+00 1.982043951397889996e-17
2.762762762762762669e+00 1.764508897847084515e-17
2.767767767767767673e+00 1.570686869029013531e-17
2.772772772772772676e+00 1.398011081921381978e-17
2.777777777777777679e+00 1.244190577212298462e-17
2.782782782782782682e+00 1.107180802043642844e-17
2.787787787787787686e+00 9.851573057608758652e-18
2.792792792792792689e+00 8.764922219047463683e-18
2.797797797797797692e+00 7.797332436926843212e-18
2.802802802802802695e+00 6.935848307388193770e-18
2.807807807807807698e+00 6.168914121142754255e-18
2.812812812812812702e+00 5.486223753729275692e-18
2.817817817817817705e+00 4.878586531536038214e-18
2.822822822822822708e+00 4.337807386778739676e-18
2.827827827827827711e+00 3.856579791261383726e-18
2.832832832832832715e+00 3.428390117049745202e-18
2.837837837837837718e+00 3.047432214034245624e-18
2.842842842842842721e+00 2.708531121449314623e-18
2.847847847847847724e+00 2.407074944272705491e-18
2.852852852852852727e+00 2.138954027412739715e-18
2.857857857857857731e+00 1.900506651934491249e-18
2.862862862862862734e+00 1.688470559377507243e-18
2.867867867867867737e+00 1.499939683463795863e-18
2.872872872872872740e+00 1.332325534075211286e-18
2.877877877877877744e+00 1.183322737087657538e-18
2.882882882882882747e+00 1.050878286199946940e-18
2.887887887887887750e+00 9.331641099287592104e-19
2.892892892892892753e+00 8.285525990309297101e-19
2.897897897897897757e+00 7.355947772769178002e-19
2.902902902902902760e+00 6.530008321949645379e-19
2.907907907907907763e+00 5.796227525499268628e-19
2.912912912912912766e+00 5.144388462840061083e-19
2.917917917917917769e+00 4.565399367621822959e-19
2.922922922922922773e+00 4.051170567310790891e-19
2.927927927927927776e+00 3.594504786836302269e-19
2.932932932932932779e+00 3.188999375626643442e-19
2.937937937937937782e+00 2.828959171493721724e-19
2.942942942942942786e+00 2.509318852593406447e-19
2.947947947947947789e+00 2.225573751819059450e-19
2.952952952952952792e+00 1.973718218023398493e-19
2.957957957957957795e+00 1.750190706786201274e-19
2.962962962962962798e+00 1.551824871292720333e-19
2.967967967967967802e+00 1.375806002364886778e-19
2.972972972972972805e+00 1.219632236786997567e-19
2.977977977977977808e+00 1.081080015676482540e-19
2.982982982982982811e+00 9.581733305620624879e-20
2.987987987987987815e+00 8.491563447580540812e-20
2.992992992992992818e+00 7.524690221987792550e-20
2.997997997997997821e+00 6.667254356913681333e-20
3.003003003003002824e+00 5.906944620671022661e-20
3.008008008008007828e+00 5.232826034150278174e-20
3.013013013013012831e+00 4.635187018758830862e-20
3.018018018018017834e+00 4.105403407211805301e-20
3.023023023023022837e+00 3.635817469689398437e-20
3.028028028028027840e+00 3.219630308839305680e-20
3.033033033033032844e+00 2.850806156366932219e-20
3.038038038038037847e+00 2.523987263849687979e-20
3.043043043043042850e+00 2.234418223005707362e-20
3.048048048048047853e+00 1.977878677804887213e-20
3.053053053053052857e+00 1.750623504186263715e-20
3.058058058058057860e+00 1.549329634223563413e-20
3.063063063063062863e+00 1.371048791684722861e-20
3.068068068068067866e+00 1.213165486243990335e-20
3.073073073073072869e+00 1.073359685180725031e-20
3.078078078078077873e+00 9.495736451845594581e-21
3.083083083083082876e+00 8.399824437193616637e-21
3.088088088088087879e+00 7.429678000339148595e-21
3.093093093093092882e+00 6.570948210149774531e-21
3.098098098098097886e+00 5.810913472569480286e-21
3.103103103103102889e+00 5.138296105075189774e-21
3.108108108108107892e+00 4.543099455166127558e-21
3.113113113113112895e+00 4.016463276922402782e-21
3.118118118118117899e+00 3.550535332321646942e-21
3.123123123123122902e+00 3.138357408919434814e-21
3.128128128128127905e+00 2.773764145713930735e-21
3.133133133133132908e+00 2.451293237214432148e-21
3.138138138138137911e+00 2.166105744322786565e-21
3.143143143143142915e+00 1.913915381759684453e-21
3.148148148148147918e+00 1.690925777333526418e-21
3.153153153153152921e+00 1.493774810059272180e-21
3.158158158158157924e+00 1.319485233510498021e-21
3.163163163163162928e+00 1.165420879178657686e-21
3.168168168168167931e+00 1.029247813225451443e-21
3.173173173173172934e+00 9.088998899234881067e-22
3.178178178178177937e+00 8.025482072421733401e-22
3.183183183183182940e+00 7.085740253021441784e-22
3.188188188188187944e+00 6.255447575542212497e-22
3.193193193193192947e+00 5.521926882117750004e-22
3.198198198198197950e+00 4.873961082824151309e-22
3.203203203203202953e+00 4.301625970413517544e-22
3.208208208208208401e+00 3.796142064431428457e-22
3.213213213213213404e+00 3.349743332053357719e-22
3.218218218218218407e+00 2.955560874946142314e-22
3.223223223223223410e+00 2.607519886421548398e-22
3.228228228228228414e+00 2.300248374071212602e-22
3.233233233233233417e+00 2.028996312646649852e-22
3.238238238238238420e+00 1.789564042533210200e-22
3.243243243243243423e+00 1.578238862878344529e-22
3.248248248248248427e+00 1.391738887153117443e-22
3.253253253253253430e+00 1.227163334318135323e-22
3.258258258258258433e+00 1.081948522317496729e-22
3.263263263263263436e+00 9.538289136611403068e-23
3.268268268268268439e+00 8.408026365470829947e-23
3.273273273273273443e+00 7.411009703693648676e-23
3.278278278278278446e+00 6.531613424799606479e-23
3.283283283283283449e+00 5.756034345514271445e-23
3.288288288288288452e+00 5.072080425537446293e-23
3.293293293293293456e+00 4.468983748651496602e-23
3.298298298298298459e+00 3.937235089637772080e-23
3.303303303303303462e+00 3.468437590071971038e-23
3.308308308308308465e+00 3.055177348587689281e-23
3.313313313313313468e+00 2.690908981693498091e-23
3.318318318318318472e+00 2.369854433302857074e-23
3.323323323323323475e+00 2.086913507998291573e-23
3.328328328328328478e+00 1.837584777541378087e-23
3.333333333333333481e+00 1.617895664788594871e-23
3.338338338338338485e+00 1.424340646218795581e-23
3.343343343343343488e+00 1.253826635712804979e-23
3.348348348348348491e+00 1.103624719818400159e-23
3.353353353353353494e+00 9.713275100506472774e-24
3.358358358358358497e+00 8.548114622099703381e-24
3.363363363363363501e+00 7.522035874862010450e-24
3.368368368368368504e+00 6.618520463488369344e-24
3.373373373373373507e+00 5.823001748748681754e-24
3.378378378378378510e+00 5.122635450997036029e-24
3.383383383383383514e+00 4.506097069560886057e-24
3.388388388388388517e+00 3.963403000712640456e-24
3.393393393393393520e+00 3.485752597234209483e-24
3.398398398398398523e+00 3.065388731499649946e-24
3.403403403403403527e+00 2.695474706236066140e-24
3.408408408408408530e+00 2.369985606877631948e-24
3.413413413413413533e+00 2.083612410417451483e-24
3.418418418418418536e+00 1.831677361179010861e-24
3.423423423423423539e+00 1.610059296890085990e-24
3.428428428428428543e+00 1.415127761438019540e-24
3.433433433433433546e+00 1.243684876003243138e-24
3.438438438438438549e+00 1.092914059940894145e-24
3.443443443443443552e+00 9.603347986043218036e-25
3.448448448448448556e+00 8.437627488751642894e-25
3.453453453453453559e+00 7.412745558905393536e-25
3.458458458458458562e+00 6.511768275889318540e-25
3.463463463463463565e+00 5.719787783402126625e-25
3.468468468468468568e+00 5.023681100594920437e-25
3.473473473473473572e+00 4.411897496970048944e-25
3.478478478478478575e+00 3.874271066154587907e-25
3.483483483483483578e+00 3.401855527902360204e-25
3.488488488488488581e+00 2.986778635985665184e-25
3.493493493493493585e+00 2.622113877335757258e-25
3.498498498498498588e+00 2.301767419583009003e-25
3.503503503503503591e+00 2.020378504200902853e-25
3.508508508508508594e+00 1.773231694458788436e-25
3.513513513513513598e+00 1.556179574596824268e-25
3.518518518518518601e+00 1.365574661932860517e-25
3.523523523523523604e+00 1.198209439547992996e-25
3.528528528528528607e+00 1.051263546029467819e-25
3.533533533533533610e+00 9.222572724694878149e-26
3.538538538538538614e+00 8.090106172883197553e-26
3.543543543543543617e+00 7.096072380312011661e-26
3.548548548548548620e+00 6.223627174540486555e-26
3.553553553553553623e+00 5.457966301845605042e-26
3.558558558558558627e+00 4.786079570947929084e-26
3.563563563563563630e+00 4.196534482032330985e-26
3.568568568568568633e+00 3.679285822760224741e-26
3.573573573573573636e+00 3.225508130615886711e-26
3.578578578578578639e+00 2.827448289264114523e-26
3.583583583583583643e+00 2.478295851406120517e-26
3.588588588588588646e+00 2.172068967018721396e-26
3.593593593593593649e+00 1.903514048373694144e-26
3.598598598598598652e+00 1.668017525839793764e-26
3.603603603603603656e+00 1.461528244696588515e-26
3.608608608608608659e+00 1.280489226144568390e-26
3.613613613613613662e+00 1.121777668125856195e-26
3.618618618618618665e+00 9.826521958963883232e-27
3.623623623623623669e+00 8.607064906517415480e-27
3.628628628628628672e+00 7.538285287946235893e-27
3.633633633633633675e+00 6.601647563045662714e-27
3.638638638638638678e+00 5.780886036009978544e-27
3.643643643643643681e+00 5.061728175756506749e-27
3.648648648648648685e+00 4.431651502529354677e-27
3.653653653653653688e+00 3.879669988250648830e-27
3.658658658658658691e+00 3.396146404945483299e-27
3.663663663663663694e+00 2.972627484218984307e-27
3.668668668668668698e+00 2.601699128155843532e-27
3.673673673673673701e+00 2.276859244224864929e-27
3.678678678678678704e+00 1.992406069195774291e-27
3.683683683683683707e+00 1.743340104448840015e-27
3.688688688688688710e+00 1.525278011557444108e-27
3.693693693693693714e+00 1.334377016340196323e-27
3.698698698698698717e+00 1.167268544952085879e-27
3.703703703703703720e+00 1.020999969878873183e-27
3.708708708708708723e+00 8.929834794344939316e-28
3.713713713713713727e+00 7.809512037595474445e-28
3.718718718718718730e+00 6.829158353350538584e-28
3.723723723723723733e+00 5.971360743848433338e-28
3.728728728728728736e+00 5.220863107590536276e-28
3.733733733733733740e+00 4.564300253071495439e-28
3.738738738738738743e+00 3.989964565395432239e-28
3.743743743743743746e+00 3.487601335780786406e-28
3.748748748748748749e+00 3.048229249210628061e-28
3.753753753753753752e+00 2.663982952001528402e-28
3.758758758758758756e+00 2.327974995933270992e-28
3.763763763763763759e+00 2.034174785013559966e-28
3.768768768768768762e+00 1.777302440431938439e-28
3.773773773773773765e+00 1.552735753609787846e-28
3.778778778778778769e+00 1.356428620714019899e-28
3.783783783783783772e+00 1.184839548308343786e-28
3.788788788788788775e+00 1.034868992251075428e-28
3.793793793793793778e+00 9.038044433999379013e-29
3.798798798798798781e+00 7.892723066944431508e-29
3.803803803803803785e+00 6.891957369881443812e-29
3.808808808808808788e+00 6.017576975644609327e-29
3.813813813813813791e+00 5.253685973167130737e-29
3.818818818818818794e+00 4.586379416248584925e-29
3.823823823823823798e+00 4.003495013568531128e-29
3.828828828828828801e+00 3.494395653323732164e-29
3.833833833833833804e+00 3.049778950455070986e-29
3.838838838838838807e+00 2.661510473575654297e-29
3.843843843843843811e+00 2.322477720383892766e-29
3.848848848848848814e+00 2.026462271557126285e-29
3.853853853853853817e+00 1.768027870022669376e-29
3.858858858858858820e+00 1.542422450512042748e-29
3.863863863863863823e+00 1.345492388162754832e-29
3.868868868868868827e+00 1.173607448821264883e-29
3.873873873873873830e+00 1.023595111285630663e-29
3.878878878878878833e+00 8.926830962252729623e-30
3.883883883883883836e+00 7.784490807564706712e-30
3.888888888888888840e+00 6.787767041211727380e-30
3.893893893893893843e+00 5.918170807895104195e-30
3.898898898898898846e+00 5.159551345000884224e-30
3.903903903903903849e+00 4.497801519456015049e-30
3.908908908908908852e+00 3.920600294796732789e-30
3.913913913913913856e+00 3.417187516581570137e-30
3.918918918918918859e+00 2.978166977706296122e-30
3.923923923923923862e+00 2.595334227622620781e-30
3.928928928928928865e+00 2.261526029674986753e-30
3.933933933933933869e+00 1.970488756414569484e-30
3.938938938938938872e+00 1.716763350573402048e-30
3.943943943943943875e+00 1.495584775276816072e-30
3.948948948948948878e+00 1.302794136222580493e-30
3.953953953953953881e+00 1.134761885506636457e-30
3.958958958958958885e+00 9.883207155053407683e-31
3.963963963963963888e+00 8.607069252296150789e-31
3.968968968968968891e+00 7.495091939088129236e-31
3.973973973973973894e+00 6.526238299262966219e-31
3.978978978978978898e+00 5.682156799690145522e-31
3.983983983983983901e+00 4.946839854314980406e-31
3.988988988988988904e+00 4.306325625408151386e-31
3.993993993993993907e+00 3.748437609263929313e-31
3.998998998998998911e+00 3.262557238359846113e-31
4.004004004004004358e+00 2.839425331144579725e-31
4.009009009009009361e+00 2.470968744799684758e-31
4.014014014014014364e+00 2.150149044871369574e-31
4.019019019019019368e+00 1.870830406777945223e-31
4.024024024024024371e+00 1.627664315018644408e-31
4.029029029029029374e+00 1.415988932728012819e-31
4.034034034034034377e+00 1.231741282528159587e-31
4.039039039039039380e+00 1.071380614242231785e-31
4.044044044044044384e+00 9.318215401583818090e-32
4.049049049049049387e+00 8.103756978687791075e-32
4.054054054054054390e+00 7.047008574760299018e-32
4.059059059059059393e+00 6.127565269912779968e-32
4.064064064064064397e+00 5.327652295169526867e-32
4.069069069069069400e+00 4.631787304781631842e-32
4.074074074074074403e+00 4.026485846351931033e-32
4.079079079079079406e+00 3.500004525340654879e-32
4.084084084084084409e+00 3.042117058831456778e-32
4.089089089089089413e+00 2.643919023505776531e-32
4.094094094094094416e+00 2.297657635704205224e-32
4.099099099099099419e+00 1.996583366961195362e-32
4.104104104104104422e+00 1.734820604975369179e-32
4.109109109109109426e+00 1.507254925051207279e-32
4.114114114114114429e+00 1.309434847119643553e-32
4.119119119119119432e+00 1.137486224191067183e-32
4.124124124124124435e+00 9.880376444811447448e-33
4.129129129129129439e+00 8.581554358246969668e-33
4.134134134134134442e+00 7.452870411438060833e-33
4.139139139139139445e+00 6.472116909877175613e-33
4.144144144144144448e+00 5.619974364082263483e-33
4.149149149149149451e+00 4.879637252134394834e-33
4.154154154154154455e+00 4.236488091661069229e-33
4.159159159159159458e+00 3.677813608969488102e-33
4.164164164164164461e+00 3.192557588783101977e-33
4.169169169169169464e+00 2.771105682259107208e-33
4.174174174174174468e+00 2.405098056563445734e-33
4.179179179179179471e+00 2.087266297525107042e-33
4.184184184184184474e+00 1.811291437620466297e-33
4.189189189189189477e+00 1.571680383345883570e-33
4.194194194194194480e+00 1.363658366430735628e-33
4.199199199199199484e+00 1.183075348871867473e-33
4.204204204204204487e+00 1.026324578159553886e-33
4.209209209209209490e+00 8.902717213044231708e-34
4.214214214214214493e+00 7.721932087294104165e-34
4.219219219219219497e+00 6.697225955611717620e-34
4.224224224224224500e+00 5.808039016655566319e-34
4.229229229229229503e+00 5.036510258202428245e-34
4.234234234234234506e+00 4.367124462317073013e-34
4.239239239239239510e+00 3.786405213917329222e-34
4.244244244244244513e+00 3.282647939559439041e-34
4.249249249249249516e+00 2.845687775921717021e-34
4.254254254254254519e+00 2.466697740554234935e-34
4.259259259259259522e+00 2.138013263772378037e-34
4.264264264264264526e+00 1.852979651239721722e-34
4.269269269269269529e+00 1.605819491538121662e-34
4.274274274274274532e+00 1.391517410330974122e-34
4.279279279279279535e+00 1.205719909983803794e-34
4.284284284284284539e+00 1.044648327154439159e-34
4.289289289289289542e+00 9.050231965218663245e-35
4.294294294294294545e+00 7.839985313844013021e-35
4.299299299299299548e+00 6.791047255927425166e-35
4.304304304304304551e+00 5.881989499089748760e-35
4.309309309309309555e+00 5.094220626433567735e-35
4.314314314314314558e+00 4.411611821390537570e-35
4.319319319319319561e+00 3.820171798131447995e-35
4.324324324324324564e+00 3.307764491639752703e-35
4.329329329329329568e+00 2.863863902891788967e-35
4.334334334334334571e+00 2.479341226516381078e-35
4.339339339339339574e+00 2.146280025002879958e-35
4.344344344344344577e+00 1.857815767336309138e-35
4.349349349349349581e+00 1.607996531606176168e-35
4.354354354354354584e+00 1.391662090026269074e-35
4.359359359359359587e+00 1.204338959069657966e-35
4.364364364364364590e+00 1.042149314159747324e-35
4.369369369369369593e+00 9.017319437433697301e-36
4.374374374374374597e+00 7.801736569875003035e-36
4.379379379379379600e+00 6.749497674634561306e-36
4.384384384384384603e+00 5.838724560905522358e-36
4.389389389389389606e+00 5.050459738471226297e-36
4.394394394394394610e+00 4.368277814097701864e-36
4.399399399399399613e+00 3.777948416341183270e-36
4.404404404404404616e+00 3.267143839788819331e-36
4.409409409409409619e+00 2.825185496329842863e-36
4.414414414414414622e+00 2.442824039995224391e-36
4.419419419419419626e+00 2.112048708584862786e-36
4.424424424424424629e+00 1.825922013108189760e-36
4.429429429429429632e+00 1.578436416615710078e-36
4.434434434434434635e+00 1.364390087419470139e-36
4.439439439439439639e+00 1.179279196780719063e-36
4.444444444444444642e+00 1.019204565535050373e-36
4.449449449449449645e+00 8.807907544739098341e-37
4.454454454454454648e+00 7.611159453870171779e-37
4.459459459459459651e+00 6.576511785202184640e-37
4.464464464464464655e+00 5.682077021802810868e-37
4.469469469469469658e+00 4.908913551194880717e-37
4.474474474474474661e+00 4.240630454567732039e-37
4.479479479479479664e+00 3.663045141039683146e-37
4.484484484484484668e+00 3.163886784549712167e-37
4.489489489489489671e+00 2.732539456276232354e-37
4.494494494494494674e+00 2.359819656998351363e-37
4.499499499499499677e+00 2.037783657880582984e-37
4.504504504504504681e+00 1.759560668932840262e-37
4.509509509509509684e+00 1.519208384210125653e-37
4.514514514514514687e+00 1.311587912353056401e-37
4.519519519519519690e+00 1.132255499623430224e-37
4.524524524524524693e+00 9.773687982250259646e-38
4.529529529529529697e+00 8.436057324183560074e-38
4.534534534534534700e+00 7.280942748166445950e-38
4.539539539539539703e+00 6.283516705707556769e-38
4.544544544544544706e+00 5.422318424873310946e-38
4.549549549549549710e+00 4.678798794576724088e-38
4.554554554554554713e+00 4.036926573515720547e-38
4.559559559559559716e+00 3.482847687464479141e-38
4.564564564564564719e+00 3.004590481151572277e-38
4.569569569569569722e+00 2.591810746392311688e-38
4.574574574574574726e+00 2.235571176048408093e-38
4.579579579579579729e+00 1.928150610724737684e-38
4.584584584584584732e+00 1.662879066592493407e-38
4.589589589589589735e+00 1.433995071126248136e-38
4.594594594594594739e+00 1.236522299920658769e-38
4.599599599599599742e+00 1.066162911712268353e-38
4.604604604604604745e+00 9.192053286050895440e-39
4.609609609609609748e+00 7.924445114940031255e-39
4.614614614614614752e+00 6.831130430647914493e-39
4.619619619619619755e+00 5.888215579430625771e-39
4.624624624624624758e+00 5.075072562746546859e-39
4.629629629629629761e+00 4.373894073208431559e-39
4.634634634634634764e+00 3.769308970776161188e-39
4.639639639639639768e+00 3.248050015423662297e-39
4.644644644644644771e+00 2.798666777060655993e-39
4.649649649649649774e+00 2.411277599442715893e-39
4.654654654654654777e+00 2.077355322093527706e-39
4.659659659659659781e+00 1.789542180139189093e-39
4.664664664664664784e+00 1.541489921378429625e-39
4.669669669669669787e+00 1.327721715835393432e-39
4.674674674674674790e+00 1.143512896681739722e-39
4.679679679679679793e+00 9.847879724909371134e-40
4.684684684684684797e+00 8.480316977117064246e-40
4.689689689689689800e+00 7.302122883111252417e-40
4.694694694694694803e+00 6.287151290470228381e-40
4.699699699699699806e+00 5.412855432472629766e-40
4.704704704704704810e+00 4.659793900322448984e-40
4.709709709709709813e+00 4.011204217075327808e-40
4.714714714714714816e+00 3.452634791215922643e-40
4.719719719719719819e+00 2.971627281961977061e-40
4.724724724724724823e+00 2.557442492481741360e-40
4.729729729729729826e+00 2.200823844290557791e-40
4.734734734734734829e+00 1.893793296004750435e-40
4.739739739739739832e+00 1.629475269591430112e-40
4.744744744744744835e+00 1.401944752131373109e-40
4.749749749749749839e+00 1.206096263784371272e-40
4.754754754754754842e+00 1.037530834255172113e-40
4.759759759759759845e+00 8.924585202267680528e-41
4.764764764764764848e+00 7.676143332929489032e-41
4.769769769769769852e+00 6.601857390885074120e-41
4.774774774774774855e+00 5.677501398108276131e-41
4.779779779779779858e+00 4.882209695424515694e-41
4.784784784784784861e+00 4.198012193747111196e-41
4.789789789789789864e+00 3.609433713284151100e-41
4.794794794794794868e+00 3.103148599484598306e-41
4.799799799799799871e+00 2.667683012244119872e-41
4.804804804804804874e+00 2.293158327615034550e-41
4.809809809809809877e+00 1.971069991424012941e-41
4.814814814814814881e+00 1.694096941235593675e-41
4.819819819819819884e+00 1.455937383796717869e-41
4.824824824824824887e+00 1.251167293963313544e-41
4.829829829829829890e+00 1.075118500678087537e-41
4.834834834834834894e+00 9.237736566718258067e-42
4.839839839839839897e+00 7.936757605486780040e-42
4.844844844844844900e+00 6.818502208737328416e-42
4.849849849849849903e+00 5.857377287841906369e-42
4.854854854854854906e+00 5.031364445258223643e-42
4.859859859859859910e+00 4.321522093760249456e-42
4.864864864864864913e+00 3.711556721507574612e-42
4.869869869869869916e+00 3.187453727862344573e-42
4.874874874874874919e+00 2.737159576881861872e-42
4.879879879879879923e+00 2.350308155449423037e-42
4.884884884884884926e+00 2.017985206034501198e-42
4.889889889889889929e+00 1.732525551651410617e-42
4.894894894894894932e+00 1.487338561316684600e-42
4.899899899899899935e+00 1.276757934258337501e-42
4.904904904904904939e+00 1.095912424150823763e-42
4.909909909909909942e+00 9.406145927085238536e-43
4.914914914914914945e+00 8.072650853763867060e-43
4.919919919919919948e+00 6.927702695194048122e-43
4.924924924924924952e+00 5.944713751088576796e-43
4.929929929929929955e+00 5.100835360583123493e-43
4.934934934934934958e+00 4.376433527940350060e-43
4.939939939939939961e+00 3.754637882785676845e-43
4.944944944944944965e+00 3.220953747959458020e-43
4.949949949949949968e+00 2.762928510178985683e-43
4.954954954954954971e+00 2.369864713633872050e-43
4.959959959959959974e+00 2.032573351653660188e-43
4.964964964964964977e+00 1.743161740179797586e-43
4.969969969969969981e+00 1.494851139216143526e-43
4.974974974974974984e+00 1.281819962178197416e-43
4.979979979979979987e+00 1.099068993171476758e-43
4.984984984984984990e+00 9.423055316786742468e-44
4.989989989989989994e+00 8.078438141054207738e-44
4.994994994994994997e+00 6.925194317617064529e-44
5.000000000000000000e+00 5.936157834479308181e-44
