0.000000000000000000e+00 0.000000000000000000e+00
5.005005005005004962e-03 4.846384613088288926e-03
1.001001001001000992e-02 1.908529509515858799e-02
1.501501501501501488e-02 4.232505603342047451e-02
2.002002002002001985e-02 7.414191449037123294e-02
2.502502502502502307e-02 1.140774902459393003e-01
3.003003003003002977e-02 1.616465485393659973e-01
3.503503503503503647e-02 2.163445504482204851e-01
4.004004004004003969e-02 2.776542857418718979e-01
4.504504504504504292e-02 3.450516262033607173e-01
5.005005005005004615e-02 4.180105169717451274e-01
5.505505505505505631e-02 4.960073121022389175e-01
6.006006006006005954e-02 5.785245392863425096e-01
6.506506506506506970e-02 6.650541608103129887e-01
7.007007007007007293e-02 7.551003845561666816e-01
7.507507507507507616e-02 8.481820692603260214e-01
8.008008008008007939e-02 9.438347613186015561e-01
8.508508508508508261e-02 1.041612395368418653e+00
9.009009009009008584e-02 1.141088687125480172e+00
9.509509509509508907e-02 1.241858244111009979e+00
1.001001001001000923e-01 1.343537417706786696e+00
1.051051051051051094e-01 1.445764918230585616e+00
1.101101101101101126e-01 1.548202213302869223e+00
1.151151151151151159e-01 1.650533728583915005e+00
1.201201201201201191e-01 1.752466868933043154e+00
1.251251251251251362e-01 1.853731877130988082e+00
1.301301301301301394e-01 1.954081546478888320e+00
1.351351351351351426e-01 2.053290802818358074e+00
1.401401401401401459e-01 2.151156170789207511e+00
1.451451451451451491e-01 2.247495138441903961e+00
1.501501501501501523e-01 2.342145433642071506e+00
1.551551551551551555e-01 2.434964225038022345e+00
1.601601601601601588e-01 2.525827259705172523e+00
1.651651651651651620e-01 2.614627948930869472e+00
1.701701701701701652e-01 2.701276412957747564e+00
1.751751751751751685e-01 2.785698494862837382e+00
1.801801801801801717e-01 2.867834753112869617e+00
1.851851851851851749e-01 2.947639441704164920e+00
1.901901901901901781e-01 3.025079486168602561e+00
1.951951951951951814e-01 3.100133463106530929e+00
2.002002002002001846e-01 3.172790590293989244e+00
2.052052052052052156e-01 3.243049733806599111e+00
2.102102102102102188e-01 3.310918438007010689e+00
2.152152152152152220e-01 3.376411983658261118e+00
2.202202202202202252e-01 3.439552478852956341e+00
2.252252252252252285e-01 3.500367986889165284e+00
2.302302302302302317e-01 3.558891694679415352e+00
2.352352352352352349e-01 3.615161124750474020e+00
2.402402402402402382e-01 3.669217393379778258e+00
2.452452452452452414e-01 3.721104516920381133e+00
2.502502502502502724e-01 3.770868767891310647e+00
2.552552552552552756e-01 3.818558081955001349e+00
2.602602602602602788e-01 3.864221516468945961e+00
2.652652652652652820e-01 3.907908760885649979e+00
2.702702702702702853e-01 3.949669698884048952e+00
2.752752752752752885e-01 3.989554021747379053e+00
2.802802802802802917e-01 4.027610892157675870e+00
2.852852852852852950e-01 4.063888657255968262e+00
2.902902902902902982e-01 4.098434609520341887e+00
2.952952952952953014e-01 4.131294793741500548e+00
3.003003003003003046e-01 4.162513858127698363e+00
3.053053053053053079e-01 4.192134947347732066e+00
3.103103103103103111e-01 4.220199635122580339e+00
3.153153153153153143e-01 4.246747893802687912e+00
3.203203203203203175e-01 4.271818098219175575e+00
3.253253253253253208e-01 4.295447060972836795e+00
3.303303303303303240e-01 4.317670096224585308e+00
3.353353353353353272e-01 4.338521108974561891e+00
3.403403403403403304e-01 4.358032706763984798e+00
3.453453453453453337e-01 4.376236330703432209e+00
3.503503503503503369e-01 4.393162402723057802e+00
3.553553553553553401e-01 4.408840485953422927e+00
3.603603603603603434e-01 4.423299455179596329e+00
3.653653653653653466e-01 4.436567674364833458e+00
3.703703703703703498e-01 4.448673178312836818e+00
3.753753753753753530e-01 4.459643855628168119e+00
3.803803803803803563e-01 4.469507630241826845e+00
3.853853853853853595e-01 4.478292638892240163e+00
3.903903903903903627e-01 4.486027402089835192e+00
3.953953953953953659e-01 4.492740986244542434e+00
4.004004004004003692e-01 4.498463154799106078e+00
4.054054054054054279e-01 4.503224506385399728e+00
4.104104104104104311e-01 4.507056598204737696e+00
4.154154154154154344e-01 4.509992053025427161e+00
4.204204204204204376e-01 4.512064648389506161e+00
4.254254254254254408e-01 4.513309386825251401e+00
4.304304304304304440e-01 4.513762546070280379e+00
4.354354354354354473e-01 4.513461708521310456e+00
4.404404404404404505e-01 4.512445769339032076e+00
4.454454454454454537e-01 4.510754922848886572e+00
4.504504504504504570e-01 4.508430627089375697e+00
4.554554554554554602e-01 4.505515546567790075e+00
4.604604604604604634e-01 4.502053473487142909e+00
4.654654654654654666e-01 4.498089227907006382e+00
4.704704704704704699e-01 4.493668537492990112e+00
4.754754754754754731e-01 4.488837897694327950e+00
4.804804804804804763e-01 4.483644413364536341e+00
4.854854854854854795e-01 4.478135623006179067e+00
4.904904904904904828e-01 4.472359306975709714e+00
4.954954954954954860e-01 4.466363281127787133e+00
5.005005005005005447e-01 4.460195177509191033e+00
5.055055055055055480e-01 4.453902213830006396e+00
5.105105105105105512e-01 4.447530953543281207e+00
5.155155155155155544e-01 4.441127058453349541e+00
5.205205205205205576e-01 4.434735035847052309e+00
5.255255255255255609e-01 4.428397982200598548e+00
5.305305305305305641e-01 4.422157325557825480e+00
5.355355355355355673e-01 4.416052568702415471e+00
5.405405405405405705e-01 4.410121035257753341e+00
5.455455455455455738e-01 4.404397620842958716e+00
5.505505505505505770e-01 4.398914551392693717e+00
5.555555555555555802e-01 4.393701150711591730e+00
5.605605605605605835e-01 4.388783619282049742e+00
5.655655655655655867e-01 4.384184826276781521e+00
5.705705705705705899e-01 4.379924116645755205e+00
5.755755755755755931e-01 4.376017135051262663e+00
5.805805805805805964e-01 4.372475668315457753e+00
5.855855855855855996e-01 4.369307507922957079e+00
5.905905905905906028e-01 4.366516333987130238e+00
5.955955955955956060e-01 4.364101621944164400e+00
6.006006006006006093e-01 4.362058573084118152e+00
6.056056056056056125e-01 4.360378069864712103e+00
6.106106106106106157e-01 4.359046656781960571e+00
6.156156156156156189e-01 4.358046547393704451e+00
6.206206206206206222e-01 4.357355657908295044e+00
6.256256256256256254e-01 4.356947667562911519e+00
6.306306306306306286e-01 4.356792105824962569e+00
6.356356356356356319e-01 4.356854466257649605e+00
6.406406406406406351e-01 4.357096346697813871e+00
6.456456456456456383e-01 4.357475615202507591e+00
6.506506506506506415e-01 4.357946601031254197e+00
6.556556556556556448e-01 4.358460309745440853e+00
6.606606606606606480e-01 4.358964661325614109e+00
6.656656656656656512e-01 4.359404750033526454e+00
6.706706706706706544e-01 4.359723124579241826e+00
6.756756756756756577e-01 4.359860086996306450e+00
6.806806806806806609e-01 4.359754008480777543e+00
6.856856856856856641e-01 4.359341660314010269e+00
6.906906906906906674e-01 4.358558557865764627e+00
6.956956956956956706e-01 4.357339315564152216e+00
7.007007007007006738e-01 4.355618010623522274e+00
7.057057057057056770e-01 4.353328553240902288e+00
7.107107107107106803e-01 4.350405060907465149e+00
7.157157157157156835e-01 4.346782234433630876e+00
7.207207207207206867e-01 4.342395733255974832e+00
7.257257257257256899e-01 4.337182547581016401e+00
7.307307307307306932e-01 4.331081364925872812e+00
7.357357357357356964e-01 4.324032928638466444e+00
7.407407407407406996e-01 4.315980386020889625e+00
7.457457457457457028e-01 4.306869623738029951e+00
7.507507507507507061e-01 4.296649588269954023e+00
7.557557557557557093e-01 4.285272589259834675e+00
7.607607607607607125e-01 4.272694583719378159e+00
7.657657657657657158e-01 4.258875439179574229e+00
7.707707707707707190e-01 4.243779174015825717e+00
7.757757757757757222e-01 4.227374173331581275e+00
7.807807807807807254e-01 4.209633378953054006e+00
7.857857857857857287e-01 4.190534452267533183e+00
7.907907907907907319e-01 4.170059908828564588e+00
7.957957957957957351e-01 4.148197223850754511e+00
8.008008008008007383e-01 4.124938907924367903e+00
8.058058058058058526e-01 4.100282552492695132e+00
8.108108108108108558e-01 4.074230844852786859e+00
8.158158158158158590e-01 4.046791552659659175e+00
8.208208208208208623e-01 4.017977478134852731e+00
8.258258258258258655e-01 3.987806382399279315e+00
8.308308308308308687e-01 3.956300880567064748e+00
8.358358358358358720e-01 3.923488308448431106e+00
8.408408408408408752e-01 3.889400561915091092e+00
8.458458458458458784e-01 3.854073910178200002e+00
8.508508508508508816e-01 3.817548784415953911e+00
8.558558558558558849e-01 3.779869543363000517e+00
8.608608608608608881e-01 3.741084217636052145e+00
8.658658658658658913e-01 3.701244234717538717e+00
8.708708708708708945e-01 3.660404126651024548e+00
8.758758758758758978e-01 3.618621222616653199e+00
8.808808808808809010e-01 3.575955328651876375e+00
8.858858858858859042e-01 3.532468396860436233e+00
8.908908908908909074e-01 3.488224186511239111e+00
8.958958958958959107e-01 3.443287919467032054e+00
9.009009009009009139e-01 3.397725932401228555e+00
9.059059059059059171e-01 3.351605328258862926e+00
9.109109109109109204e-01 3.304993629395459376e+00
9.159159159159159236e-01 3.257958434784974155e+00
9.209209209209209268e-01 3.210567083626275853e+00
9.259259259259259300e-01 3.162886327596683422e+00
9.309309309309309333e-01 3.114982013902522162e+00
9.359359359359359365e-01 3.066918781160845597e+00
9.409409409409409397e-01 3.018759770015117194e+00
9.459459459459459429e-01 2.970566350241665710e+00
9.509509509509509462e-01 2.922397865945015383e+00
9.559559559559559494e-01 2.874311400269869310e+00
9.609609609609609526e-01 2.826361560877835188e+00
9.659659659659659559e-01 2.778600287249116896e+00
9.709709709709709591e-01 2.731076680675823987e+00
9.759759759759759623e-01 2.683836857615511384e+00
9.809809809809809655e-01 2.636923826873680543e+00
9.859859859859859688e-01 2.590377390883380482e+00
9.909909909909909720e-01 2.544234071151449061e+00
9.959959959959959752e-01 2.498527057745433044e+00
1.001001001001001089e+00 2.453286182505247659e+00
1.006006006006006093e+00 2.408537915480387870e+00
1.011011011011011096e+00 2.364305383918960501e+00
1.016016016016016099e+00 2.320608412970258883e+00
1.021021021021021102e+00 2.277463587109515686e+00
1.026026026026026106e+00 2.234884331152924286e+00
1.031031031031031109e+00 2.192881009604367382e+00
1.036036036036036112e+00 2.151461042963006332e+00
1.041041041041041115e+00 2.110629039524142492e+00
1.046046046046046119e+00 2.070386941124680913e+00
1.051051051051051122e+00 2.030734181219859824e+00
1.056056056056056125e+00 1.991667853629512708e+00
1.061061061061061128e+00 1.953182890260186655e+00
1.066066066066066131e+00 1.915272246093744801e+00
1.071071071071071135e+00 1.877927089733294030e+00
1.076076076076076138e+00 1.841136997812752529e+00
1.081081081081081141e+00 1.804890151606780568e+00
1.086086086086086144e+00 1.769173534221949673e+00
1.091091091091091148e+00 1.733973126807303533e+00
1.096096096096096151e+00 1.699274102291714161e+00
1.101101101101101154e+00 1.665061015235532516e+00
1.106106106106106157e+00 1.631317986473805437e+00
1.111111111111111160e+00 1.598028881326553741e+00
1.116116116116116164e+00 1.565177480256817244e+00
1.121121121121121167e+00 1.532747640968289415e+00
1.126126126126126170e+00 1.500723451049819301e+00
1.131131131131131173e+00 1.469089370392606453e+00
1.136136136136136177e+00 1.437830362726278954e+00
1.141141141141141180e+00 1.406932015740937292e+00
1.146146146146146183e+00 1.376380649382292987e+00
1.151151151151151186e+00 1.346163412025391581e+00
1.156156156156156189e+00 1.316268364347658260e+00
1.161161161161161193e+00 1.286684550833355534e+00
1.166166166166166196e+00 1.257402058948023704e+00
1.171171171171171199e+00 1.228412066122328339e+00
1.176176176176176202e+00 1.199706874779085330e+00
1.181181181181181206e+00 1.171279935724794941e+00
1.186186186186186209e+00 1.143125860306980934e+00
1.191191191191191212e+00 1.115240421810798299e+00
1.196196196196196215e+00 1.087620546632469987e+00
1.201201201201201219e+00 1.060264295822920699e+00
1.206206206206206222e+00 1.033170837642370943e+00
1.211211211211211225e+00 1.006340411805904278e+00
1.216216216216216228e+00 9.797742861308784690e-01
1.221221221221221231e+00 9.534747063200665895e-01
1.226226226226226235e+00 9.274448396296601782e-01
1.231231231231231238e+00 9.016887131790669585e-01
1.236236236236236241e+00 8.762111476603492433e-01
1.241241241241241244e+00 8.510176871994646897e-01
1.246246246246246248e+00 8.261145261096901615e-01
1.251251251251251251e+00 8.015084332603495954e-01
1.256256256256256254e+00 7.772066747616770410e-01
1.261261261261261257e+00 7.532169356398140669e-01
1.266266266266266260e+00 7.295472411453260975e-01
1.271271271271271264e+00 7.062058783045719323e-01
1.276276276276276267e+00 6.832013182864016265e-01
1.281281281281281270e+00 6.605421401175701757e-01
1.286286286286286273e+00 6.382369562394050178e-01
1.291291291291291277e+00 6.162943403560688926e-01
1.296296296296296280e+00 5.947227579818830101e-01
1.301301301301301283e+00 5.735305000518419183e-01
1.306306306306306286e+00 5.527256199161458827e-01
1.311311311311311290e+00 5.323158739967275288e-01
1.316316316316316293e+00 5.123086663415834519e-01
1.321321321321321296e+00 4.927109972715384978e-01
1.326326326326326299e+00 4.735294162742873514e-01
1.331331331331331302e+00 4.547699792621188175e-01
1.336336336336336306e+00 4.364382102731066415e-01
1.341341341341341309e+00 4.185390676607362859e-01
1.346346346346346312e+00 4.010769147840488880e-01
1.351351351351351315e+00 3.840554951796439354e-01
1.356356356356356319e+00 3.674779121682411609e-01
1.361361361361361322e+00 3.513466128220175677e-01
1.366366366366366325e+00 3.356633761947193650e-01
1.371371371371371328e+00 3.204293056945033413e-01
1.376376376376376331e+00 3.056448254595928171e-01
1.381381381381381335e+00 2.913096805791730026e-01
1.386386386386386338e+00 2.774229409863882556e-01
1.391391391391391341e+00 2.639830088367760008e-01
1.396396396396396344e+00 2.509876291739959187e-01
1.401401401401401348e+00 2.384339036751412233e-01
1.406406406406406351e+00 2.263183072601685220e-01
1.411411411411411354e+00 2.146367073440590689e-01
1.416416416416416357e+00 2.033843855060397665e-01
1.421421421421421361e+00 1.925560613475018890e-01
1.426426426426426364e+00 1.821459183090991529e-01
1.431431431431431367e+00 1.721476312177466772e-01
1.436436436436436370e+00 1.625543953357843630e-01
1.441441441441441373e+00 1.533589566874072330e-01
1.446446446446446377e+00 1.445536434413716431e-01
1.451451451451451380e+00 1.361303981340134528e-01
1.456456456456456383e+00 1.280808105225866578e-01
1.461461461461461386e+00 1.203961508657738488e-01
1.466466466466466390e+00 1.130674034358920971e-01
1.471471471471471393e+00 1.060853000756981079e-01
1.476476476476476396e+00 9.944035362169188763e-02
1.481481481481481399e+00 9.312289102540538543e-02
1.486486486486486402e+00 8.712308601420548637e-02
1.491491491491491406e+00 8.143099114358350044e-02
1.496496496496496409e+00 7.603656910368540578e-02
1.501501501501501412e+00 7.092972315386633642e-02
1.506506506506506415e+00 6.610032657025076419e-02
1.511511511511511419e+00 6.153825100260729847e-02
1.516516516516516422e+00 5.723339364820700242e-02
1.521521521521521425e+00 5.317570316166214672e-02
1.526526526526526428e+00 4.935520423100232812e-02
1.531531531531531432e+00 4.576202076134305852e-02
1.536536536536536435e+00 4.238639761839239212e-02
1.541541541541541438e+00 3.921872089468231987e-02
1.546546546546546441e+00 3.624953667173055893e-02
1.551551551551551444e+00 3.346956826129283274e-02
1.556556556556556448e+00 3.086973191842827188e-02
1.561561561561561451e+00 2.844115102819815347e-02
1.566566566566566454e+00 2.617516877644790463e-02
1.571571571571571457e+00 2.406335932322843305e-02
1.576576576576576461e+00 2.209753750497646038e-02
1.581581581581581464e+00 2.026976709857328598e-02
1.586586586586586467e+00 1.857236768681625599e-02
1.591591591591591470e+00 1.699792017064849850e-02
1.596596596596596473e+00 1.553927097870159285e-02
1.601601601601601477e+00 1.418953502929989549e-02
1.606606606606606702e+00 1.294209750405395619e-02
1.611611611611611705e+00 1.179061449554524854e-02
1.616616616616616708e+00 1.072901259437628041e-02
1.621621621621621712e+00 9.751487483045382862e-03
1.626626626626626715e+00 8.852501605720349345e-03
1.631631631631631718e+00 8.026780984049642839e-03
1.636636636636636721e+00 7.269311249684689245e-03
1.641641641641641725e+00 6.575332964223366654e-03
1.646646646646646728e+00 5.940336296846976741e-03
1.651651651651651731e+00 5.360055129043033058e-03
1.656656656656656734e+00 4.830460654520305104e-03
1.661661661661661737e+00 4.347754540759449920e-03
1.666666666666666741e+00 3.908361716643161433e-03
1.671671671671671744e+00 3.508922848307267136e-03
1.676676676676676747e+00 3.146286562785538532e-03
1.681681681681681750e+00 2.817501476224726787e-03
1.686686686686686754e+00 2.519808080457230405e-03
1.691691691691691757e+00 2.250630538572516871e-03
1.696696696696696760e+00 2.007568436861905097e-03
1.701701701701701763e+00 1.788388537156151287e-03
1.706706706706706766e+00 1.591016570164518681e-03
1.711711711711711770e+00 1.413529106989036728e-03
1.716716716716716773e+00 1.254145542556180234e-03
1.721721721721721776e+00 1.111220221307341596e-03
1.726726726726726779e+00 9.832347321443704515e-04
1.731731731731731783e+00 8.687903963589648903e-04
1.736736736736736786e+00 7.666009691047150814e-04
1.741741741741741789e+00 6.754855719168167223e-04
1.746746746746746792e+00 5.943618708611533288e-04
1.751751751751751796e+00 5.222395121152479660e-04
1.756756756756756799e+00 4.582138241591403598e-04
1.761761761761761802e+00 4.014597932929208344e-04
1.766766766766766805e+00 3.512263169055774106e-04
1.771771771771771808e+00 3.068307368017809521e-04
1.776776776776776812e+00 2.676536529507697539e-04
1.781781781781781815e+00 2.331340162557560128e-04
1.786786786786786818e+00 2.027644973516407999e-04
1.791791791791791821e+00 1.760871270206571860e-04
1.796796796796796825e+00 1.526892025659128160e-04
1.801801801801801828e+00 1.321994533961458492e-04
1.806806806806806831e+00 1.142844581450909349e-04
1.811811811811811834e+00 9.864530486844118990e-05
1.816816816816816837e+00 8.501448522242033138e-05
1.821821821821821841e+00 7.315301302187136444e-05
1.826826826826826844e+00 6.284775719356375289e-05
1.831831831831831847e+00 5.390897887271107108e-05
1.836836836836836850e+00 4.616806222798195222e-05
1.841841841841841854e+00 3.947542853305489104e-05
1.846846846846846857e+00 3.369862302144011740e-05
1.851851851851851860e+00 2.872056415650660186e-05
1.856856856856856863e+00 2.443794511131304315e-05
1.861861861861861867e+00 2.075977747406946102e-05
1.866866866866866870e+00 1.760606746642296528e-05
1.871871871871871873e+00 1.490661527524765397e-05
1.876876876876876876e+00 1.259992844665352182e-05
1.881881881881881879e+00 1.063224066646032297e-05
1.886886886886886883e+00 8.956627647901856262e-06
1.891891891891891886e+00 7.532212258814826913e-06
1.896896896896896889e+00 6.323451441614483473e-06
1.901901901901901892e+00 5.299497905048738446e-06
1.906906906906906896e+00 4.433629992700449397e-06
1.911911911911911899e+00 3.702743555642367188e-06
1.916916916916916902e+00 3.086900072201145639e-06
1.921921921921921905e+00 2.568925663609604218e-06
1.926926926926926908e+00 2.134056048027937526e-06
1.931931931931931912e+00 1.769622855024607756e-06
1.936936936936936915e+00 1.464777086556129046e-06
1.941941941941941918e+00 1.210245857569178699e-06
1.946946946946946921e+00 9.981188786902142201e-07
1.951951951951951925e+00 8.216614544949234096e-07
1.956956956956956928e+00 6.751510632539114124e-07
1.961961961961961931e+00 5.537348577585389806e-07
1.966966966966966934e+00 4.533056819735300424e-07
1.971971971971971938e+00 3.703944351482545001e-07
1.976976976976976941e+00 3.020768341002915786e-07
1.981981981981981944e+00 2.458928262396965278e-07
1.986986986986986947e+00 1.997770912052089933e-07
1.991991991991991950e+00 1.619992384847016703e-07
1.996996996996996954e+00 1.311124628987921112e-07
2.002002002002002179e+00 1.059095601848636756e-07
2.007007007007007182e+00 8.538533199700510976e-08
2.012012012012012185e+00 6.870452431407949847e-08
2.017017017017017189e+00 5.517454639832629969e-08
2.022022022022022192e+00 4.422230993320972835e-08
2.027027027027027195e+00 3.537461063324930796e-08
2.032032032032032198e+00 2.824154827362598705e-08
2.037037037037037202e+00 2.250254651356461964e-08
2.042042042042042205e+00 1.789459182736732484e-08
2.047047047047047208e+00 1.420236201238285073e-08
2.052052052052052211e+00 1.124995977358977764e-08
2.057057057057057214e+00 8.894006405617240096e-09
2.062062062062062218e+00 7.017885176777165866e-09
2.067067067067067221e+00 5.526954194268702028e-09
2.072072072072072224e+00 4.344574780660871623e-09
2.077077077077077227e+00 3.408824163102703341e-09
2.082082082082082231e+00 2.669780972760070338e-09
2.087087087087087234e+00 2.087289039129368003e-09
2.092092092092092237e+00 1.629119572803846976e-09
2.097097097097097240e+00 1.269464358094536377e-09
2.102102102102102243e+00 9.877032895449367041e-10
2.107107107107107247e+00 7.673987208532114099e-10
2.112112112112112250e+00 5.954768614676942375e-10
2.117117117117117253e+00 4.615630412784298193e-10
2.122122122122122256e+00 3.574432313964949835e-10
2.127127127127127260e+00 2.766289029683196535e-10
2.132132132132132263e+00 2.140062522460914287e-10
2.137137137137137266e+00 1.655541284841216880e-10
2.142142142142142269e+00 1.281177669710212034e-10
2.147147147147147273e+00 9.922773512634034262e-11
2.152152152152152276e+00 7.695541622708252202e-11
2.157157157157157279e+00 5.979794412386545506e-11
2.162162162162162282e+00 4.658681562628986891e-11
2.167167167167167285e+00 3.641548978614911535e-11
2.172172172172172289e+00 2.858217311785100084e-11
2.177177177177177292e+00 2.254471911803615382e-11
2.182182182182182295e+00 1.788516653666642917e-11
2.187187187187187298e+00 1.428192666959326278e-11
2.192192192192192302e+00 1.148802476499932509e-11
2.197197197197197305e+00 9.314120595882356548e-12
2.202202202202202308e+00 7.615291805363396871e-12
2.207207207207207311e+00 6.280771970469207490e-12
2.212212212212212314e+00 5.226002726844809569e-12
2.217217217217217318e+00 4.386493412885852466e-12
2.222222222222222321e+00 3.713088835921029360e-12
2.227227227227227324e+00 3.168331113943201893e-12
2.232232232232232327e+00 2.723669341267851176e-12
2.237237237237237331e+00 2.357324521361735017e-12
2.242242242242242334e+00 2.052659614699392104e-12
2.247247247247247337e+00 1.796937940992751392e-12
2.252252252252252340e+00 1.580379393064821045e-12
2.257257257257257343e+00 1.395444445380982568e-12
2.262262262262262347e+00 1.236291962944590897e-12
2.267267267267267350e+00 1.098369287422926080e-12
2.272272272272272353e+00 9.781027559486881712e-13
2.277277277277277356e+00 8.726642974832106936e-13
2.282282282282282360e+00 7.797955301971764056e-13
2.287287287287287363e+00 6.976752288724952949e-13
2.292292292292292366e+00 6.248194414252294259e-13
2.297297297297297369e+00 5.600061418901182687e-13
2.302302302302302373e+00 5.022182963856397487e-13
2.307307307307307376e+00 4.506007312777694049e-13
2.312312312312312379e+00 4.044273398425319266e-13
2.317317317317317382e+00 3.630760311150967930e-13
2.322322322322322385e+00 3.260094786885242572e-13
2.327327327327327389e+00 2.927602191085440534e-13
2.332332332332332392e+00 2.629190184435680982e-13
2.337337337337337395e+00 2.361257016191486617e-13
2.342342342342342398e+00 2.120618450955558921e-13
2.347347347347347402e+00 1.904448868497867263e-13
2.352352352352352405e+00 1.710233215959434324e-13
2.357357357357357408e+00 1.535727337108690193e-13
2.362362362362362411e+00 1.378924829339621889e-13
2.367367367367367414e+00 1.238029042176800147e-13
2.372372372372372418e+00 1.111429173375960462e-13
2.377377377377377421e+00 9.976796717512571411e-14
2.382382382382382424e+00 8.954823430372647801e-14
2.387387387387387427e+00 8.036706937695125759e-14
2.392392392392392431e+00 7.211961511811596619e-14
2.397397397397397434e+00 6.471158739381485808e-14
2.402402402402402437e+00 5.805819261344616367e-14
2.407407407407407440e+00 5.208316304549992156e-14
2.412412412412412444e+00 4.671789495284680084e-14
2.417417417417417447e+00 4.190067699704378601e-14
2.422422422422422450e+00 3.757599834532369439e-14
2.427427427427427453e+00 3.369392747894095668e-14
2.432432432432432456e+00 3.020955395378791883e-14
2.437437437437437460e+00 2.708248638108205869e-14
2.442442442442442463e+00 2.427640073371640071e-14
2.447447447447447466e+00 2.175863378394131319e-14
2.452452452452452469e+00 1.949981707068516232e-14
2.457457457457457473e+00 1.747354730244805529e-14
2.462462462462462476e+00 1.565608954102530465e-14
2.467467467467467479e+00 1.402610989484435012e-14
2.472472472472472482e+00 1.256443478800413976e-14
2.477477477477477485e+00 1.125383416951948444e-14
2.482482482482482489e+00 1.007882629255196148e-14
2.487487487487487492e+00 9.025501930134779328e-15
2.492492492492492495e+00 8.081366105763648635e-15
2.497497497497497498e+00 7.235195607272287519e-15
2.502502502502502502e+00 6.476910723189748454e-15
2.507507507507507505e+00 5.797459794422971299e-15
2.512512512512512508e+00 5.188715312490123548e-15
2.517517517517517511e+00 4.643380420238916832e-15
2.522522522522522515e+00 4.154904783425703871e-15
2.527527527527527518e+00 3.717408902955947002e-15
2.532532532532532521e+00 3.325616029077462784e-15
2.537537537537537524e+00 2.974790921373607008e-15
2.542542542542542527e+00 2.660684772890654970e-15
2.547547547547547531e+00 2.379485683945242014e-15
2.552552552552552534e+00 2.127774131802687888e-15
2.557557557557557537e+00 1.902482937132879879e-15
2.562562562562562540e+00 1.700861277512748741e-15
2.567567567567567544e+00 1.520442342774428619e-15
2.572572572572572547e+00 1.359014267162727835e-15
2.577577577577577550e+00 1.214594009490553183e-15
2.582582582582582553e+00 1.085403885147553215e-15
2.587587587587587556e+00 9.698504832718018708e-16
2.592592592592592560e+00 8.665057289504359806e-16
2.597597597597597563e+00 7.740898742530140453e-16
2.602602602602602566e+00 6.914562234783154049e-16
2.607607607607607569e+00 6.175774174407151708e-16
2.612612612612612573e+00 5.515331191442291364e-16
2.617617617617617576e+00 4.924989589802827036e-16
2.622622622622622579e+00 4.397366118073696145e-16
2.627627627627627582e+00 3.925848910820131729e-16
2.632632632632632586e+00 3.504517567487282519e-16
2.637637637637637589e+00 3.128071439868641842e-16
2.642642642642642592e+00 2.791765292682747776e-16
2.647647647647647595e+00 2.491351586023011541e-16
2.652652652652652598e+00 2.223028704269337004e-16
2.657657657657657602e+00 1.983394524293201922e-16
2.662662662662662605e+00 1.769404777204574199e-16
2.667667667667667608e+00 1.578335713153668298e-16
2.672672672672672611e+00 1.407750628423887991e-16
2.677677677677677615e+00 1.255469858782573736e-16
2.682682682682682618e+00 1.119543883292657679e-16
2.687687687687687621e+00 9.982292189741692912e-17
2.692692692692692624e+00 8.899668192471986656e-17
2.697697697697697627e+00 7.933627183471920085e-17
2.702702702702702631e+00 7.071706902097806321e-17
2.707707707707707634e+00 6.302767139694010846e-17
2.712712712712712637e+00 5.616850594703277406e-17
2.717717717717717640e+00 5.005058252901693658e-17
2.722722722722722644e+00 4.459437789403142609e-17
2.727727727727727647e+00 3.972883643294272999e-17
2.732732732732732650e+00 3.539047554307966802e-17
2.737737737737737653e+00 3.152258475390247318e-17
2.742742742742742657e+00 2.807450886787992987e-17
2.747747747747747660e+00 2.500100637662470474e-17
2.752752752752752663e+00 2.226167531360571853e-17
2.757757757757757666e+00 1.982043951397889996e-17
2.762762762762762669e+00 1.764508897847084515e-17
2.767767767767767673e+00 1.570686869029013531e-17
2.772772772772772676e+00 1.398011081921381978e-17
2.777777777777777679e+00 1.244190577212298462e-17
2.782782782782782682e+00 1.107180802043642844e-17
2.787787787787787686e+00 9.851573057608758652e-18
2.792792792792792689e+00 8.764922219047463683e-18
2.797797797797797692e+00 7.797332436926843212e-18
2.802802802802802695e+00 6.935848307388193770e-18
2.807807807807807698e+00 6.168914121142754255e-18
2.812812812812812702e+00 5.486223753729275692e-18
2.817817817817817705e+00 4.878586531536038214e-18
2.822822822822822708e+00 4.337807386778739676e-18
2.827827827827827711e+00 3.856579791261383726e-18
2.832832832832832715e+00 3.428390117049745202e-18
2.837837837837837718e+00 3.047432214034245624e-18
2.842842842842842721e+00 2.708531121449314623e-18
2.847847847847847724e+00 2.407074944272705491e-18
2.852852852852852727e+00 2.138954027412739715e-18
2.857857857857857731e+00 1.900506651934491249e-18
2.862862862862862734e+00 1.688470559377507243e-18
2.867867867867867737e+00 1.499939683463795863e-18
2.872872872872872740e+00 1.332325534075211286e-18
2.877877877877877744e+00 1.183322737087657538e-18
2.882882882882882747e+00 1.050878286199946940e-18
2.887887887887887750e+00 9.331641099287592104e-19
2.892892892892892753e+00 8.285525990309297101e-19
2.897897897897897757e+00 7.355947772769178002e-19
2.902902902902902760e+00 6.530008321949645379e-19
2.907907907907907763e+00 5.796227525499268628e-19
2.912912912912912766e+00 5.144388462840061083e-19
2.917917917917917769e+00 4.565399367621822959e-19
2.922922922922922773e+00 4.051170567310790891e-19
2.927927927927927776e+00 3.594504786836302269e-19
2.932932932932932779e+00 3.188999375626643442e-19
2.937937937937937782e+00 2.828959171493721724e-19
2.942942942942942786e+00 2.509318852593406447e-19
2.947947947947947789e+00 2.225573751819059450e-19
2.952952952952952792e+00 1.973718218023398493e-19
2.957957957957957795e+00 1.750190706786201274e-19
2.962962962962962798e+00 1.551824871292720333e-19
2.967967967967967802e+00 1.375806002364886778e-19
2.972972972972972805e+00 1.219632236786997567e-19
2.977977977977977808e+00 1.081080015676482540e-19
2.982982982982982811e+00 9.581733305620624879e-20
2.987987987987987815e+00 8.491563447580540812e-20
2.992992992992992818e+00 7.524690221987792550e-20
2.997997997997997821e+00 6.667254356913681333e-20
3.003003003003002824e+00 5.906944620671022661e-20
3.008008008008007828e+00 5.232826034150278174e-20
3.013013013013012831e+00 4.635187018758830862e-20
3.018018018018017834e+00 4.105403407211805301e-20
3.023023023023022837e+00 3.635817469689398437e-20
3.028028028028027840e+00 3.219630308839305680e-20
3.033033033033032844e+00 2.850806156366932219e-20
3.038038038038037847e+00 2.523987263849687979e-20
3.043043043043042850e+00 2.234418223005707362e-20
3.048048048048047853e+00 1.977878677804887213e-20
3.053053053053052857e+00 1.750623504186263715e-20
3.058058058058057860e+00 1.549329634223563413e-20
3.063063063063062863e+00 1.371048791684722861e-20
3.068068068068067866e+00 1.213165486243990335e-20
3.073073073073072869e+00 1.073359685180725031e-20
3.078078078078077873e+00 9.495736451845594581e-21
3.083083083083082876e+00 8.399824437193616637e-21
3.088088088088087879e+00 7.429678000339148595e-21
3.093093093093092882e+00 6.570948210149774531e-21
3.098098098098097886e+00 5.810913472569480286e-21
3.103103103103102889e+00 5.138296105075189774e-21
3.108108108108107892e+00 4.543099455166127558e-21
3.113113113113112895e+00 4.016463276922402782e-21
3.118118118118117899e+00 3.550535332321646942e-21
3.123123123123122902e+00 3.138357408919434814e-21
3.128128128128127905e+00 2.773764145713930735e-21
3.133133133133132908e+00 2.451293237214432148e-21
3.138138138138137911e+00 2.166105744322786565e-21
3.143143143143142915e+00 1.913915381759684453e-21
3.148148148148147918e+00 1.690925777333526418e-21
3.153153153153152921e+00 1.493774810059272180e-21
3.158158158158157924e+00 1.319485233510498021e-21
3.163163163163162928e+00 1.165420879178657686e-21
3.168168168168167931e+00 1.029247813225451443e-21
3.173173173173172934e+00 9.088998899234881067e-22
3.178178178178177937e+00 8.025482072421733401e-22
3.183183183183182940e+00 7.085740253021441784e-22
3.188188188188187944e+00 6.255447575542212497e-22
3.193193193193192947e+00 5.521926882117750004e-22
3.198198198198197950e+00 4.873961082824151309e-22
3.203203203203202953e+00 4.301625970413517544e-22
3.208208208208208401e+00 3.796142064431428457e-22
3.213213213213213404e+00 3.349743332053357719e-22
3.218218218218218407e+00 2.955560874946142314e-22
3.223223223223223410e+00 2.607519886421548398e-22
3.228228228228228414e+00 2.300248374071212602e-22
3.233233233233233417e+00 2.028996312646649852e-22
3.238238238238238420e+00 1.789564042533210200e-22
3.243243243243243423e+00 1.578238862878344529e-22
3.248248248248248427e+00 1.391738887153117443e-22
3.253253253253253430e+00 1.227163334318135323e-22
3.258258258258258433e+00 1.081948522317496729e-22
3.263263263263263436e+00 9.538289136611403068e-23
3.268268268268268439e+00 8.408026365470829947e-23
3.273273273273273443e+00 7.411009703693648676e-23
3.278278278278278446e+00 6.531613424799606479e-23
3.283283283283283449e+00 5.756034345514271445e-23
3.288288288288288452e+00 5.072080425537446293e-23
3.293293293293293456e+00 4.468983748651496602e-23
3.298298298298298459e+00 3.937235089637772080e-23
3.303303303303303462e+00 3.468437590071971038e-23
3.308308308308308465e+00 3.055177348587689281e-23
3.313313313313313468e+00 2.690908981693498091e-23
3.318318318318318472e+00 2.369854433302857074e-23
3.323323323323323475e+00 2.086913507998291573e-23
3.328328328328328478e+00 1.837584777541378087e-23
3.333333333333333481e+00 1.617895664788594871e-23
3.338338338338338485e+00 1.424340646218795581e-23
3.343343343343343488e+00 1.253826635712804979e-23
3.348348348348348491e+00 1.103624719818400159e-23
3.353353353353353494e+00 9.713275100506472774e-24
3.358358358358358497e+00 8.548114622099703381e-24
3.363363363363363501e+00 7.522035874862010450e-24
3.368368368368368504e+00 6.618520463488369344e-24
3.373373373373373507e+00 5.823001748748681754e-24
3.378378378378378510e+00 5.122635450997036029e-24
3.383383383383383514e+00 4.506097069560886057e-24
3.388388388388388517e+00 3.963403000712640456e-24
3.393393393393393520e+00 3.485752597234209483e-24
3.398398398398398523e+00 3.065388731499649946e-24
3.403403403403403527e+00 2.695474706236066140e-24
3.408408408408408530e+00 2.369985606877631948e-24
3.413413413413413533e+00 2.083612410417451483e-24
3.418418418418418536e+00 1.831677361179010861e-24
3.423423423423423539e+00 1.610059296890085990e-24
3.428428428428428543e+00 1.415127761438019540e-24
3.433433433433433546e+00 1.243684876003243138e-24
3.438438438438438549e+00 1.092914059940894145e-24
3.443443443443443552e+00 9.603347986043218036e-25
3.448448448448448556e+00 8.437627488751642894e-25
3.453453453453453559e+00 7.412745558905393536e-25
3.458458458458458562e+00 6.511768275889318540e-25
3.463463463463463565e+00 5.719787783402126625e-25
3.468468468468468568e+00 5.023681100594920437e-25
3.473473473473473572e+00 4.411897496970048944e-25
3.478478478478478575e+00 3.874271066154587907e-25
3.483483483483483578e+00 3.401855527902360204e-25
3.488488488488488581e+00 2.986778635985665184e-25
3.493493493493493585e+00 2.622113877335757258e-25
3.498498498498498588e+00 2.301767419583009003e-25
3.503503503503503591e+00 2.020378504200902853e-25
3.508508508508508594e+00 1.773231694458788436e-25
3.513513513513513598e+00 1.556179574596824268e-25
3.518518518518518601e+00 1.365574661932860517e-25
3.523523523523523604e+00 1.198209439547992996e-25
3.528528528528528607e+00 1.051263546029467819e-25
3.533533533533533610e+00 9.222572724694878149e-26
3.538538538538538614e+00 8.090106172883197553e-26
3.543543543543543617e+00 7.096072380312011661e-26
3.548548548548548620e+00 6.223627174540486555e-26
3.553553553553553623e+00 5.457966301845605042e-26
3.558558558558558627e+00 4.786079570947929084e-26
3.563563563563563630e+00 4.196534482032330985e-26
3.568568568568568633e+00 3.679285822760224741e-26
3.573573573573573636e+00 3.225508130615886711e-26
3.578578578578578639e+00 2.827448289264114523e-26
3.583583583583583643e+00 2.478295851406120517e-26
3.588588588588588646e+00 2.172068967018721396e-26
3.593593593593593649e+00 1.903514048373694144e-26
3.598598598598598652e+00 1.668017525839793764e-26
3.603603603603603656e+00 1.461528244696588515e-26
3.608608608608608659e+00 1.280489226144568390e-26
3.613613613613613662e+00 1.121777668125856195e-26
3.618618618618618665e+00 9.826521958963883232e-27
3.623623623623623669e+00 8.607064906517415480e-27
3.628628628628628672e+00 7.538285287946235893e-27
3.633633633633633675e+00 6.601647563045662714e-27
3.638638638638638678e+00 5.780886036009978544e-27
3.643643643643643681e+00 5.061728175756506749e-27
3.648648648648648685e+00 4.431651502529354677e-27
3.653653653653653688e+00 3.879669988250648830e-27
3.658658658658658691e+00 3.396146404945483299e-27
3.663663663663663694e+00 2.972627484218984307e-27
3.668668668668668698e+00 2.601699128155843532e-27
3.673673673673673701e+00 2.276859244224864929e-27
3.678678678678678704e+00 1.992406069195774291e-27
3.683683683683683707e+00 1.743340104448840015e-27
3.688688688688688710e+00 1.525278011557444108e-27
3.693693693693693714e+00 1.334377016340196323e-27
3.698698698698698717e+00 1.167268544952085879e-27
3.703703703703703720e+00 1.020999969878873183e-27
3.708708708708708723e+00 8.929834794344939316e-28
3.713713713713713727e+00 7.809512037595474445e-28
3.718718718718718730e+00 6.829158353350538584e-28
3.723723723723723733e+00 5.971360743848433338e-28
3.728728728728728736e+00 5.220863107590536276e-28
3.733733733733733740e+00 4.564300253071495439e-28
3.738738738738738743e+00 3.989964565395432239e-28
3.743743743743743746e+00 3.487601335780786406e-28
3.748748748748748749e+00 3.048229249210628061e-28
3.753753753753753752e+00 2.663982952001528402e-28
3.758758758758758756e+00 2.327974995933270992e-28
3.763763763763763759e+00 2.034174785013559966e-28
3.768768768768768762e+00 1.777302440431938439e-28
3.773773773773773765e+00 1.552735753609787846e-28
3.778778778778778769e+00 1.356428620714019899e-28
3.783783783783783772e+00 1.184839548308343786e-28
3.788788788788788775e+00 1.034868992251075428e-28
3.793793793793793778e+00 9.038044433999379013e-29
3.798798798798798781e+00 7.892723066944431508e-29
3.803803803803803785e+00 6.891957369881443812e-29
3.808808808808808788e+00 6.017576975644609327e-29
3.813813813813813791e+00 5.253685973167130737e-29
3.818818818818818794e+00 4.586379416248584925e-29
3.823823823823823798e+00 4.003495013568531128e-29
3.828828828828828801e+00 3.494395653323732164e-29
3.833833833833833804e+00 3.049778950455070986e-29
3.838838838838838807e+00 2.661510473575654297e-29
3.843843843843843811e+00 2.322477720383892766e-29
3.848848848848848814e+00 2.026462271557126285e-29
3.853853853853853817e+00 1.768027870022669376e-29
3.858858858858858820e+00 1.542422450512042748e-29
3.863863863863863823e+00 1.345492388162754832e-29
3.868868868868868827e+00 1.173607448821264883e-29
3.873873873873873830e+00 1.023595111285630663e-29
3.878878878878878833e+00 8.926830962252729623e-30
3.883883883883883836e+00 7.784490807564706712e-30
3.888888888888888840e+00 6.787767041211727380e-30
3.893893893893893843e+00 5.918170807895104195e-30
3.898898898898898846e+00 5.159551345000884224e-30
3.903903903903903849e+00 4.497801519456015049e-30
3.908908908908908852e+00 3.920600294796732789e-30
3.913913913913913856e+00 3.417187516581570137e-30
3.918918918918918859e+00 2.978166977706296122e-30
3.923923923923923862e+00 2.595334227622620781e-30
3.928928928928928865e+00 2.261526029674986753e-30
3.933933933933933869e+00 1.970488756414569484e-30
3.938938938938938872e+00 1.716763350573402048e-30
3.943943943943943875e+00 1.495584775276816072e-30
3.948948948948948878e+00 1.302794136222580493e-30
3.953953953953953881e+00 1.134761885506636457e-30
3.958958958958958885e+00 9.883207155053407683e-31
3.963963963963963888e+00 8.607069252296150789e-31
3.968968968968968891e+00 7.495091939088129236e-31
3.973973973973973894e+00 6.526238299262966219e-31
3.978978978978978898e+00 5.682156799690145522e-31
3.983983983983983901e+00 4.946839854314980406e-31
3.988988988988988904e+00 4.306325625408151386e-31
3.993993993993993907e+00 3.748437609263929313e-31
3.998998998998998911e+00 3.262557238359846113e-31
4.004004004004004358e+00 2.839425331144579725e-31
4.009009009009009361e+00 2.470968744799684758e-31
4.014014014014014364e+00 2.150149044871369574e-31
4.019019019019019368e+00 1.870830406777945223e-31
4.024024024024024371e+00 1.627664315018644408e-31
4.029029029029029374e+00 1.415988932728012819e-31
4.034034034034034377e+00 1.231741282528159587e-31
4.039039039039039380e+00 1.071380614242231785e-31
4.044044044044044384e+00 9.318215401583818090e-32
4.049049049049049387e+00 8.103756978687791075e-32
4.054054054054054390e+00 7.047008574760299018e-32
4.059059059059059393e+00 6.127565269912779968e-32
4.064064064064064397e+00 5.327652295169526867e-32
4.069069069069069400e+00 4.631787304781631842e-32
4.074074074074074403e+00 4.026485846351931033e-32
4.079079079079079406e+00 3.500004525340654879e-32
4.084084084084084409e+00 3.042117058831456778e-32
4.089089089089089413e+00 2.643919023505776531e-32
4.094094094094094416e+00 2.297657635704205224e-32
4.099099099099099419e+00 1.996583366961195362e-32
4.104104104104104422e+00 1.734820604975369179e-32
4.109109109109109426e+00 1.507254925051207279e-32
4.114114114114114429e+00 1.309434847119643553e-32
4.119119119119119432e+00 1.137486224191067183e-32
4.124124124124124435e+00 9.880376444811447448e-33
4.129129129129129439e+00 8.581554358246969668e-33
4.134134134134134442e+00 7.452870411438060833e-33
4.139139139139139445e+00 6.472116909877175613e-33
4.144144144144144448e+00 5.619974364082263483e-33
4.149149149149149451e+00 4.879637252134394834e-33
4.154154154154154455e+00 4.236488091661069229e-33
4.159159159159159458e+00 3.677813608969488102e-33
4.164164164164164461e+00 3.192557588783101977e-33
4.169169169169169464e+00 2.771105682259107208e-33
4.174174174174174468e+00 2.405098056563445734e-33
4.179179179179179471e+00 2.087266297525107042e-33
4.184184184184184474e+00 1.811291437620466297e-33
4.189189189189189477e+00 1.571680383345883570e-33
4.194194194194194480e+00 1.363658366430735628e-33
4.199199199199199484e+00 1.183075348871867473e-33
4.204204204204204487e+00 1.026324578159553886e-33
4.209209209209209490e+00 8.902717213044231708e-34
4.214214214214214493e+00 7.721932087294104165e-34
4.219219219219219497e+00 6.697225955611717620e-34
4.224224224224224500e+00 5.808039016655566319e-34
4.229229229229229503e+00 5.036510258202428245e-34
4.234234234234234506e+00 4.367124462317073013e-34
4.239239239239239510e+00 3.786405213917329222e-34
4.244244244244244513e+00 3.282647939559439041e-34
4.249249249249249516e+00 2.845687775921717021e-34
4.254254254254254519e+00 2.466697740554234935e-34
4.259259259259259522e+00 2.138013263772378037e-34
4.264264264264264526e+00 1.852979651239721722e-34
4.269269269269269529e+00 1.605819491538121662e-34
4.274274274274274532e+00 1.391517410330974122e-34
4.279279279279279535e+00 1.205719909983803794e-34
4.284284284284284539e+00 1.044648327154439159e-34
4.289289289289289542e+00 9.050231965218663245e-35
4.294294294294294545e+00 7.839985313844013021e-35
4.299299299299299548e+00 6.791047255927425166e-35
4.304304304304304551e+00 5.881989499089748760e-35
4.309309309309309555e+00 5.094220626433567735e-35
4.314314314314314558e+00 4.411611821390537570e-35
4.319319319319319561e+00 3.820171798131447995e-35
4.324324324324324564e+00 3.307764491639752703e-35
4.329329329329329568e+00 2.863863902891788967e-35
4.334334334334334571e+00 2.479341226516381078e-35
4.339339339339339574e+00 2.146280025002879958e-35
4.344344344344344577e+00 1.857815767336309138e-35
4.349349349349349581e+00 1.607996531606176168e-35
4.354354354354354584e+00 1.391662090026269074e-35
4.359359359359359587e+00 1.204338959069657966e-35
4.364364364364364590e+00 1.042149314159747324e-35
4.369369369369369593e+00 9.017319437433697301e-36
4.374374374374374597e+00 7.801736569875003035e-36
4.379379379379379600e+00 6.749497674634561306e-36
4.384384384384384603e+00 5.838724560905522358e-36
4.389389389389389606e+00 5.050459738471226297e-36
4.394394394394394610e+00 4.368277814097701864e-36
4.399399399399399613e+00 3.777948416341183270e-36
4.404404404404404616e+00 3.267143839788819331e-36
4.409409409409409619e+00 2.825185496329842863e-36
4.414414414414414622e+00 2.442824039995224391e-36
4.419419419419419626e+00 2.112048708584862786e-36
4.424424424424424629e+00 1.825922013108189760e-36
4.429429429429429632e+00 1.578436416615710078e-36
4.434434434434434635e+00 1.364390087419470139e-36
4.439439439439439639e+00 1.179279196780719063e-36
4.444444444444444642e+00 1.019204565535050373e-36
4.449449449449449645e+00 8.807907544739098341e-37
4.454454454454454648e+00 7.611159453870171779e-37
4.459459459459459651e+00 6.576511785202184640e-37
4.464464464464464655e+00 5.682077021802810868e-37
4.469469469469469658e+00 4.908913551194880717e-37
4.474474474474474661e+00 4.240630454567732039e-37
4.479479479479479664e+00 3.663045141039683146e-37
4.484484484484484668e+00 3.163886784549712167e-37
4.489489489489489671e+00 2.732539456276232354e-37
4.494494494494494674e+00 2.359819656998351363e-37
4.499499499499499677e+00 2.037783657880582984e-37
4.504504504504504681e+00 1.759560668932840262e-37
4.509509509509509684e+00 1.519208384210125653e-37
4.514514514514514687e+00 1.311587912353056401e-37
4.519519519519519690e+00 1.132255499623430224e-37
4.524524524524524693e+00 9.773687982250259646e-38
4.529529529529529697e+00 8.436057324183560074e-38
4.534534534534534700e+00 7.280942748166445950e-38
4.539539539539539703e+00 6.283516705707556769e-38
4.544544544544544706e+00 5.422318424873310946e-38
4.549549549549549710e+00 4.678798794576724088e-38
4.554554554554554713e+00 4.036926573515720547e-38
4.559559559559559716e+00 3.482847687464479141e-38
4.564564564564564719e+00 3.004590481151572277e-38
4.569569569569569722e+00 2.591810746392311688e-38
4.574574574574574726e+00 2.235571176048408093e-38
4.579579579579579729e+00 1.928150610724737684e-38
4.584584584584584732e+00 1.662879066592493407e-38
4.589589589589589735e+00 1.433995071126248136e-38
4.594594594594594739e+00 1.236522299920658769e-38
4.599599599599599742e+00 1.066162911712268353e-38
4.604604604604604745e+00 9.192053286050895440e-39
4.609609609609609748e+00 7.924445114940031255e-39
4.614614614614614752e+00 6.831130430647914493e-39
4.619619619619619755e+00 5.888215579430625771e-39
4.624624624624624758e+00 5.075072562746546859e-39
4.629629629629629761e+00 4.373894073208431559e-39
4.634634634634634764e+00 3.769308970776161188e-39
4.639639639639639768e+00 3.248050015423662297e-39
4.644644644644644771e+00 2.798666777060655993e-39
4.649649649649649774e+00 2.411277599442715893e-39
4.654654654654654777e+00 2.077355322093527706e-39
4.659659659659659781e+00 1.789542180139189093e-39
4.664664664664664784e+00 1.541489921378429625e-39
4.669669669669669787e+00 1.327721715835393432e-39
4.674674674674674790e+00 1.143512896681739722e-39
4.679679679679679793e+00 9.847879724909371134e-40
4.684684684684684797e+00 8.480316977117064246e-40
4.689689689689689800e+00 7.302122883111252417e-40
4.694694694694694803e+00 6.287151290470228381e-40
4.699699699699699806e+00 5.412855432472629766e-40
4.704704704704704810e+00 4.659793900322448984e-40
4.709709709709709813e+00 4.011204217075327808e-40
4.714714714714714816e+00 3.452634791215922643e-40
4.719719719719719819e+00 2.971627281961977061e-40
4.724724724724724823e+00 2.557442492481741360e-40
4.729729729729729826e+00 2.200823844290557791e-40
4.734734734734734829e+00 1.893793296004750435e-40
4.739739739739739832e+00 1.629475269591430112e-40
4.744744744744744835e+00 1.401944752131373109e-40
4.749749749749749839e+00 1.206096263784371272e-40
4.754754754754754842e+00 1.037530834255172113e-40
4.759759759759759845e+00 8.924585202267680528e-41
4.764764764764764848e+00 7.676143332929489032e-41
4.769769769769769852e+00 6.601857390885074120e-41
4.774774774774774855e+00 5.677501398108276131e-41
4.779779779779779858e+00 4.882209695424515694e-41
4.784784784784784861e+00 4.198012193747111196e-41
4.789789789789789864e+00 3.609433713284151100e-41
4.794794794794794868e+00 3.103148599484598306e-41
4.799799799799799871e+00 2.667683012244119872e-41
4.804804804804804874e+00 2.293158327615034550e-41
4.809809809809809877e+00 1.971069991424012941e-41
4.814814814814814881e+00 1.694096941235593675e-41
4.819819819819819884e+00 1.455937383796717869e-41
4.824824824824824887e+00 1.251167293963313544e-41
4.829829829829829890e+00 1.075118500678087537e-41
4.834834834834834894e+00 9.237736566718258067e-42
4.839839839839839897e+00 7.936757605486780040e-42
4.844844844844844900e+00 6.818502208737328416e-42
4.849849849849849903e+00 5.857377287841906369e-42
4.854854854854854906e+00 5.031364445258223643e-42
4.859859859859859910e+00 4.321522093760249456e-42
4.864864864864864913e+00 3.711556721507574612e-42
4.869869869869869916e+00 3.187453727862344573e-42
4.874874874874874919e+00 2.737159576881861872e-42
4.879879879879879923e+00 2.350308155449423037e-42
4.884884884884884926e+00 2.017985206034501198e-42
4.889889889889889929e+00 1.732525551651410617e-42
4.894894894894894932e+00 1.487338561316684600e-42
4.899899899899899935e+00 1.276757934258337501e-42
4.904904904904904939e+00 1.095912424150823763e-42
4.909909909909909942e+00 9.406145927085238536e-43
4.914914914914914945e+00 8.072650853763867060e-43
4.919919919919919948e+00 6.927702695194048122e-43
4.924924924924924952e+00 5.944713751088576796e-43
4.929929929929929955e+00 5.100835360583123493e-43
4.934934934934934958e+00 4.376433527940350060e-43
4.939939939939939961e+00 3.754637882785676845e-43
4.944944944944944965e+00 3.220953747959458020e-43
4.949949949949949968e+00 2.762928510178985683e-43
4.954954954954954971e+00 2.369864713633872050e-43
4.959959959959959974e+00 2.032573351653660188e-43
4.964964964964964977e+00 1.743161740179797586e-43
4.969969969969969981e+00 1.494851139216143526e-43
4.974974974974974984e+00 1.281819962178197416e-43
4.979979979979979987e+00 1.099068993171476758e-43
4.984984984984984990e+00 9.423055316786742468e-44
4.989989989989989994e+00 8.078438141054207738e-44
4.994994994994994997e+00 6.925194317617064529e-44
5.000000000000000000e+00 5.936157834479308181e-44
