0.000000000000000000e+00 0.000000000000000000e+00
5.005005005005004962e-03 9.120628895672207851e-13
1.001001001001000992e-02 5.956238097048624448e-11
1.501501501501501488e-02 6.865114780951064639e-10
2.002002002002001985e-02 3.889717566616688416e-09
2.502502502502502307e-02 1.493477876300166045e-08
3.003003003003002977e-02 4.483212556070072953e-08
3.503503503503503647e-02 1.135573217904602144e-07
4.004004004004003969e-02 2.540089177657560315e-07
4.504504504504504292e-02 5.167070802503388090e-07
5.005005005005004615e-02 9.752351924574936839e-07
5.505505505505505631e-02 1.732425638522721781e-06
6.006006006006005954e-02 2.927289988015162749e-06
6.506506506506506970e-02 4.742692732080681401e-06
7.007007007007007293e-02 7.413766562984131690e-06
7.507507507507507616e-02 1.123706591045518000e-05
8.008008008008007939e-02 1.658045403363614495e-05
8.508508508508508261e-02 2.389371740218982501e-05
9.009009009009008584e-02 3.371989937222431838e-05
9.509509509509508907e-02 4.670734326191667191e-05
1.001001001001000923e-01 6.362243284933715142e-05
1.051051051051051094e-01 8.536301604354973771e-05
1.101101101101101126e-01 1.129724950133345509e-04
1.151151151151151159e-01 1.476545633907264793e-04
1.201201201201201191e-01 1.907885682949880303e-04
1.251251251251251362e-01 2.439454718437922786e-04
1.301301301301301394e-01 3.089043835306052601e-04
1.351351351351351426e-01 3.876696313501069510e-04
1.401401401401401459e-01 4.824883358478360791e-04
1.451451451451451491e-01 5.958684473583603656e-04
1.501501501501501523e-01 7.305972025818518317e-04
1.551551551551551555e-01 8.897599523372804907e-04
1.601601601601601588e-01 1.076759307828412983e-03
1.651651651651651620e-01 1.295334548075078576e-03
1.701701701701701652e-01 1.549581226307225959e-03
1.751751751751751685e-01 1.843970908105526654e-03
1.801801801801801717e-01 2.183370968914146414e-03
1.851851851851851749e-01 2.573064373265345189e-03
1.901901901901901781e-01 3.018769352660520284e-03
1.951951951951951814e-01 3.526658893569255271e-03
2.002002002002001846e-01 4.103379941460255989e-03
2.052052052052052156e-01 4.756072221191651878e-03
2.102102102102102188e-01 5.492386568491246408e-03
2.152152152152152220e-01 6.320502661681099213e-03
2.202202202202202252e-01 7.249146037278226228e-03
2.252252252252252285e-01 8.287604267671149633e-03
2.302302302302302317e-01 9.445742173768237673e-03
2.352352352352352349e-01 1.073401594038048655e-02
2.402402402402402382e-01 1.216348599718162712e-02
2.452452452452452414e-01 1.374582852342929977e-02
2.502502502502502724e-01 1.549334543028085126e-02
2.552552552552552756e-01 1.741897267054739323e-02
2.602602602602602788e-01 1.953628672215368747e-02
2.652652652652652820e-01 2.185950908846407206e-02
2.702702702702702853e-01 2.440350865605404873e-02
2.752752752752752885e-01 2.718380174851156572e-02
2.802802802802802917e-01 3.021654971350196117e-02
2.852852852852852950e-01 3.351855387968791927e-02
2.902902902902902982e-01 3.710724772022174628e-02
2.952952952952953014e-01 4.100068606048554165e-02
3.003003003003003046e-01 4.521753116960749302e-02
3.053053053053053079e-01 4.977703557809146084e-02
3.103103103103103111e-01 5.469902146772458867e-02
3.153153153153153143e-01 6.000385648483275158e-02
3.203203203203203175e-01 6.571242583399487802e-02
3.253253253253253208e-01 7.184610051655974938e-02
3.303303303303303240e-01 7.842670158678541337e-02
3.353353353353353272e-01 8.547646030818988050e-02
3.403403403403403304e-01 9.301797410380707731e-02
3.453453453453453337e-01 1.010741582065223521e-01
3.503503503503503369e-01 1.096681929295503372e-01
3.553553553553553401e-01 1.188234664924416734e-01
3.603603603603603434e-01 1.285635133547814168e-01
3.653653653653653466e-01 1.389119480279839280e-01
3.703703703703703498e-01 1.498923943552951388e-01
3.753753753753753530e-01 1.615284102712799263e-01
3.803803803803803563e-01 1.738434080746763810e-01
3.853853853853853595e-01 1.868605702725142093e-01
3.903903903903903627e-01 2.006027610787789739e-01
3.953953953953953659e-01 2.150924336776007528e-01
4.004004004004003692e-01 2.303515333888908612e-01
4.054054054054054279e-01 2.464013969034616058e-01
4.104104104104104311e-01 2.632626477848410973e-01
4.154154154154154344e-01 2.809550884661393688e-01
4.204204204204204376e-01 2.994975890022888998e-01
4.254254254254254408e-01 3.189079728706536443e-01
4.304304304304304440e-01 3.392029001462013582e-01
4.354354354354354473e-01 3.603977484109985308e-01
4.404404404404404505e-01 3.825064917915332319e-01
4.454454454454454537e-01 4.055415785510867455e-01
4.504504504504504570e-01 4.295138076978483044e-01
4.554554554554554602e-01 4.544322051024680120e-01
4.604604604604604634e-01 4.803038996510172742e-01
4.654654654654654666e-01 5.071339999906304685e-01
4.704704704704704699e-01 5.349254724551488760e-01
4.754754754754754731e-01 5.636790207866174685e-01
4.804804804804804763e-01 5.933929682951883944e-01
4.854854854854854795e-01 6.240631431245917682e-01
4.904904904904904828e-01 6.556827673125085187e-01
4.954954954954954860e-01 6.882423503546634125e-01
5.005005005005005447e-01 7.217295879978968820e-01
5.055055055055055480e-01 7.561292670006019012e-01
5.105105105105105512e-01 7.914231766084249831e-01
5.155155155155155544e-01 8.275900274986977001e-01
5.205205205205205576e-01 8.646053789484771102e-01
5.255255255255255609e-01 9.024415749779780560e-01
5.305305305305305641e-01 9.410676902133846555e-01
5.355355355355355673e-01 9.804494862002737232e-01
5.405405405405405705e-01 1.020549378880949876e+00
5.455455455455455738e-01 1.061326417925712695e+00
5.505505505505505770e-01 1.102736278579275142e+00
5.555555555555555802e-01 1.144731266649128720e+00
5.605605605605605835e-01 1.187260337222470152e+00
5.655655655655655867e-01 1.230269127652387828e+00
5.705705705705705899e-01 1.273700005302251359e+00
5.755755755755755931e-01 1.317492130479799073e+00
5.805805805805805964e-01 1.361581534929238835e+00
5.855855855855855996e-01 1.405901216181030478e+00
5.905905905905906028e-01 1.450381247984948940e+00
5.955955955955956060e-01 1.494948906972906055e+00
6.006006006006006093e-01 1.539528815614016777e+00
6.056056056056056125e-01 1.584043101435956613e+00
6.106106106106106157e-01 1.628411572394120599e+00
6.156156156156156189e-01 1.672551908173959490e+00
6.206206206206206222e-01 1.716379867112593161e+00
6.256256256256256254e-01 1.759809508324033711e+00
6.306306306306306286e-01 1.802753428508587996e+00
6.356356356356356319e-01 1.845123012822037500e+00
6.406406406406406351e-01 1.886828699074639015e+00
6.456456456456456383e-01 1.927780254424617423e+00
6.506506506506506415e-01 1.967887063626460042e+00
6.556556556556556448e-01 2.007058427791738264e+00
6.606606606606606480e-01 2.045203872520224841e+00
6.656656656656656512e-01 2.082233464162674963e+00
6.706706706706706544e-01 2.118058132884584666e+00
6.756756756756756577e-01 2.152590001113418694e+00
6.806806806806806609e-01 2.185742715871245689e+00
6.856856856856856641e-01 2.217431783420996005e+00
6.906906906906906674e-01 2.247574904588891975e+00
6.956956956956956706e-01 2.276092309068419084e+00
7.007007007007006738e-01 2.302907086963712047e+00
7.057057057057056770e-01 2.327945515792648301e+00
7.107107107107106803e-01 2.351137381143583394e+00
7.157157157157156835e-01 2.372416289164432701e+00
7.207207207207206867e-01 2.391719969059944884e+00
7.257257257257256899e-01 2.408990563782333005e+00
7.307307307307306932e-01 2.424174907122906397e+00
7.357357357357356964e-01 2.437224785447640318e+00
7.407407407407406996e-01 2.448097182368533797e+00
7.457457457457457028e-01 2.456754504704526720e+00
7.507507507507507061e-01 2.463164788161280150e+00
7.557557557557557093e-01 2.467301881247458084e+00
7.607607607607607125e-01 2.469145606046579733e+00
7.657657657657657158e-01 2.468681894577000158e+00
7.707707707707707190e-01 2.465902899598229503e+00
7.757757757757757222e-01 2.460807078858254560e+00
7.807807807807807254e-01 2.453399251923682911e+00
7.857857857857857287e-01 2.443690628890729855e+00
7.907907907907907319e-01 2.431698810440133141e+00
7.957957957957957351e-01 2.417447758870919117e+00
8.008008008008007383e-01 2.400967739926337607e+00
8.058058058058058526e-01 2.382295235407908329e+00
8.108108108108108558e-01 2.361472826759954735e+00
8.158158158158158590e-01 2.338549049994791851e+00
8.208208208208208623e-01 2.313578222517458371e+00
8.258258258258258655e-01 2.286620242595698738e+00
8.308308308308308687e-01 2.257740362405703305e+00
8.358358358358358720e-01 2.227008935763751918e+00
8.408408408408408752e-01 2.194501141828299140e+00
8.458458458458458784e-01 2.160296686223311280e+00
8.508508508508508816e-01 2.124479481191388075e+00
8.558558558558558849e-01 2.087137306532027559e+00
8.608608608608608881e-01 2.048361453215687966e+00
8.658658658658658913e-01 2.008246351686103548e+00
8.708708708708708945e-01 1.966889186971077841e+00
8.758758758758758978e-01 1.924389502813939279e+00
8.808808808808809010e-01 1.880848797113873205e+00
8.858858858858859042e-01 1.836370111021736529e+00
8.908908908908909074e-01 1.791057614079059279e+00
8.958958958958959107e-01 1.745016187810289221e+00
9.009009009009009139e-01 1.698351010182608256e+00
9.059059059059059171e-01 1.651167143332778364e+00
9.109109109109109204e-01 1.603569126927478550e+00
9.159159159159159236e-01 1.555660579471753513e+00
9.209209209209209268e-01 1.507543809810892643e+00
9.259259259259259300e-01 1.459319440984001570e+00
9.309309309309309333e-01 1.411086048484301525e+00
9.359359359359359365e-01 1.362939814862049737e+00
9.409409409409409397e-01 1.314974202472628084e+00
9.459459459459459429e-01 1.267279646025466944e+00
9.509509509509509462e-01 1.219943266431025908e+00
9.559559559559559494e-01 1.173048607273917687e+00
9.609609609609609526e-01 1.126675395062703977e+00
9.659659659659659559e-01 1.080899324221854085e+00
9.709709709709709591e-01 1.035791867601368654e+00
9.759759759759759623e-01 9.914201130856301614e-01
9.809809809809809655e-01 9.478466266877038082e-01
9.859859859859859688e-01 9.051293423196896670e-01
9.909909909909909720e-01 8.633214782362890194e-01
9.959959959959959752e-01 8.224714799585952640e-01
1.001001001001001089e+00 7.826229893005789418e-01
1.006006006006006093e+00 7.438148389428627105e-01
1.011011011011011096e+00 7.060810718291671284e-01
1.016016016016016099e+00 6.694509845013499882e-01
1.021021021021021102e+00 6.339491933407449542e-01
1.026026026026026106e+00 5.995957225475415653e-01
1.031031031031031109e+00 5.664061125674031416e-01
1.036036036036036112e+00 5.343915475660244718e-01
1.041041041041041115e+00 5.035590004588026414e-01
1.046046046046046119e+00 4.739113939244798956e-01
1.051051051051051122e+00 4.454477757691185369e-01
1.056056056056056125e+00 4.181635069599366483e-01
1.061061061061061128e+00 3.920504606176722362e-01
1.066066066066066131e+00 3.670972302407533028e-01
1.071071071071071135e+00 3.432893454345541384e-01
1.076076076076076138e+00 3.206094934336702895e-01
1.081081081081081141e+00 2.990377447340317740e-01
1.086086086086086144e+00 2.785517811937581190e-01
1.091091091091091148e+00 2.591271250163168505e-01
1.096096096096096151e+00 2.407373670954950640e-01
1.101101101101101154e+00 2.233543932780983898e-01
1.106106106106106157e+00 2.069486071857438991e-01
1.111111111111111160e+00 1.914891483306119524e-01
1.116116116116116164e+00 1.769441043601004959e-01
1.121121121121121167e+00 1.632807163708755727e-01
1.126126126126126170e+00 1.504655763423784209e-01
1.131131131131131173e+00 1.384648158523105188e-01
1.136136136136136177e+00 1.272442853505484917e-01
1.141141141141141180e+00 1.167697233822937719e-01
1.146146146146146183e+00 1.070069152647088323e-01
1.151151151151151186e+00 9.792184083288407725e-02
1.156156156156156189e+00 8.948081097955881691e-02
1.161161161161161193e+00 8.165059281777217737e-02
1.166166166166166196e+00 7.439852339558401806e-02
1.171171171171171199e+00 6.769261198654510925e-02
1.176176176176176202e+00 6.150163106796961709e-02
1.181181181181181206e+00 5.579519618081764387e-02
1.186186186186186209e+00 5.054383493962980034e-02
1.191191191191191212e+00 4.571904552821119683e-02
1.196196196196196215e+00 4.129334507636243934e-02
1.201201201201201219e+00 3.724030836482951357e-02
1.206206206206206222e+00 3.353459734974081896e-02
1.211211211211211225e+00 3.015198203421064899e-02
1.216216216216216228e+00 2.706935324365165527e-02
1.221221221221221231e+00 2.426472788291046331e-02
1.226226226226226235e+00 2.171724726789418108e-02
1.231231231231231238e+00 1.940716913228789434e-02
1.236236236236236241e+00 1.731585391165834861e-02
1.241241241241241244e+00 1.542574590318106058e-02
1.246246246246246248e+00 1.372034988989222909e-02
1.251251251251251251e+00 1.218420380428309087e-02
1.256256256256256254e+00 1.080284798774569163e-02
1.261261261261261257e+00 9.562791580401592412e-03
1.266266266266266260e+00 8.451476550725912223e-03
1.271271271271271264e+00 7.457239846670953888e-03
1.276276276276276267e+00 6.569274120204006417e-03
1.281281281281281270e+00 5.777587445819670937e-03
1.286286286286286273e+00 5.072962421136601591e-03
1.291291291291291277e+00 4.446915004601718381e-03
1.296296296296296280e+00 3.891653412011635872e-03
1.301301301301301283e+00 3.400037360412578973e-03
1.306306306306306286e+00 2.965537915295127745e-03
1.311311311311311290e+00 2.582198165171981953e-03
1.316316316316316293e+00 2.244594916880910101e-03
1.321321321321321296e+00 1.947801575520530194e-03
1.326326326326326299e+00 1.687352344996426862e-03
1.331331331331331302e+00 1.459207858879558095e-03
1.336336336336336306e+00 1.259722326777401808e-03
1.341341341341341309e+00 1.085612258773750163e-03
1.346346346346346312e+00 9.339268097558672474e-04
1.351351351351351315e+00 8.020197666421613816e-04
1.356356356356356319e+00 6.875231846437897297e-04
1.361361361361361322e+00 5.883226637136638451e-04
1.366366366366366325e+00 5.025342432060430969e-04
1.371371371371371328e+00 4.284828814246528241e-04
1.376376376376376331e+00 3.646824770946847927e-04
1.381381381381381335e+00 3.098173817618025006e-04
1.386386386386386338e+00 2.627253455956446611e-04
1.391391391391391341e+00 2.223818339475824152e-04
1.396396396396396344e+00 1.878856481675500630e-04
1.401401401401401348e+00 1.584457815065083838e-04
1.406406406406406351e+00 1.333694393017951802e-04
1.411411411411411354e+00 1.120511519466187953e-04
1.416416416416416357e+00 9.396290926869544508e-05
1.421421421421421361e+00 7.864524577735287306e-05
1.426426426426426364e+00 6.569920767883449299e-05
1.431431431431431367e+00 5.477913450779744965e-05
1.436436436436436370e+00 4.558619058703449004e-05
1.441441441441441373e+00 3.786258422246875351e-05
1.446446446446446377e+00 3.138641548870852967e-05
1.451451451451451380e+00 2.596709659176869593e-05
1.456456456456456383e+00 2.144129204708150539e-05
1.461461461461461386e+00 1.766932922718252353e-05
1.466466466466466390e+00 1.453203316597542438e-05
1.471471471471471393e+00 1.192794281369735032e-05
1.476476476476476396e+00 9.770869183361071124e-06
1.481481481481481399e+00 7.987758986392464326e-06
1.486486486486486402e+00 6.516830398745612991e-06
1.491491491491491406e+00 5.305950510435511247e-06
1.496496496496496409e+00 4.311226777204927288e-06
1.501501501501501412e+00 3.495787403091825777e-06
1.506506506506506415e+00 2.828728030738794789e-06
1.511511511511511419e+00 2.284204399313386999e-06
1.516516516516516422e+00 1.840652747493762842e-06
1.521521521521521425e+00 1.480121693025837941e-06
1.526526526526526428e+00 1.187701114653350703e-06
1.531531531531531432e+00 9.510352020794950849e-07
1.536536536536536435e+00 7.599083315409124481e-07
1.541541541541541438e+00 6.058937759751780903e-07
1.546546546546546441e+00 4.820564776879494613e-07
1.551551551551551444e+00 3.827022063392258039e-07
1.556556556556556448e+00 3.031664046418429342e-07
1.561561561561561451e+00 2.396368971214976787e-07
1.566566566566566454e+00 1.890054122522658964e-07
1.571571571571571457e+00 1.487435536751990441e-07
1.576576576576576461e+00 1.167994601511297098e-07
1.581581581581581464e+00 9.151192414629315944e-08
1.586586586586586467e+00 7.153920283501968519e-08
1.591591591591591470e+00 5.580015970854009355e-08
1.596596596596596473e+00 4.342572630817375378e-08
1.601601601601601477e+00 3.371897777639504655e-08
1.606606606606606702e+00 2.612237837808002357e-08
1.611611611611611705e+00 2.019097884969310870e-08
1.616616616616616708e+00 1.557054088907746233e-08
1.621621621621621712e+00 1.197972936599741760e-08
1.626626626626626715e+00 9.195653560158305331e-09
1.631631631631631718e+00 7.042158175313339166e-09
1.636636636636636721e+00 5.380365928544418100e-09
1.641641641641641725e+00 4.101058731540897512e-09
1.646646646646646728e+00 3.118556118048938309e-09
1.651651651651651731e+00 2.365809602434393368e-09
1.656656656656656734e+00 1.790481800723871295e-09
1.661661661661661737e+00 1.351820903832856211e-09
1.666666666666666741e+00 1.018175757545989655e-09
1.671671671671671744e+00 7.650254906706635273e-10
1.676676676676676747e+00 5.734212989791409114e-10
1.681681681681681750e+00 4.287574564358596170e-10
1.686686686686686754e+00 3.198045836173226028e-10
1.691691691691691757e+00 2.379512472637439459e-10
1.696696696696696760e+00 1.766105940599683375e-10
1.701701701701701763e+00 1.307573565552737257e-10
1.706706706706706766e+00 9.656756233215667283e-11
1.711711711711711770e+00 7.113892390900736537e-11
1.716716716716716773e+00 5.227443187902903289e-11
1.721721721721721776e+00 3.831532111336150032e-11
1.726726726726726779e+00 2.801249787181047600e-11
1.731731731731731783e+00 2.042784308717615080e-11
1.736736736736736786e+00 1.485865779745718052e-11
1.741741741741741789e+00 1.077998385476601847e-11
1.746746746746746792e+00 7.800692588310020890e-12
1.751751751751751796e+00 5.630147742660210451e-12
1.756756756756756799e+00 4.052966706749404401e-12
1.761761761761761802e+00 2.909966100305179300e-12
1.766766766766766805e+00 2.083816603556188754e-12
1.771771771771771808e+00 1.488273476434707882e-12
1.776776776776776812e+00 1.060114259114403926e-12
1.781781781781781815e+00 7.531201881745248274e-13
1.786786786786786818e+00 5.335960004530079883e-13
1.791791791791791821e+00 3.770443857570839863e-13
1.796796796796796825e+00 2.657045503304153570e-13
1.801801801801801828e+00 1.867355739459967752e-13
1.806806806806806831e+00 1.308795008362856152e-13
1.811811811811811834e+00 9.148031151166957776e-14
1.816816816816816837e+00 6.376612133939185474e-14
1.821821821821821841e+00 4.432550024340441570e-14
1.826826826826826844e+00 3.072652698316483039e-14
1.831831831831831847e+00 2.124048289503373666e-14
1.836836836836836850e+00 1.464202915879441421e-14
1.841841841841841854e+00 1.006512093034076856e-14
1.846846846846846857e+00 6.899417795799872619e-15
1.851851851851851860e+00 4.716029021457320747e-15
1.856856856856856863e+00 3.214444418993479965e-15
1.861861861861861867e+00 2.184719277068713829e-15
1.866866866866866870e+00 1.480609257131903251e-15
1.871871871871871873e+00 1.000541718918826065e-15
1.876876876876876876e+00 6.741781577092401073e-16
1.881881881881881879e+00 4.529535755888254433e-16
1.886886886886886883e+00 3.034359541531668358e-16
1.891891891891891886e+00 2.026793502331006722e-16
1.896896896896896889e+00 1.349820006309926913e-16
1.901901901901901892e+00 8.963154403183179436e-17
1.906906906906906896e+00 5.934160821104807263e-17
1.911911911911911899e+00 3.917111294497654906e-17
1.916916916916916902e+00 2.577955487007527754e-17
1.921921921921921905e+00 1.691541086901107435e-17
1.926926926926926908e+00 1.106578027082139898e-17
1.931931931931931912e+00 7.217197655766752636e-18
1.936936936936936915e+00 4.692852720381820031e-18
1.941941941941941918e+00 3.042157615351522349e-18
1.946946946946946921e+00 1.966063966012018158e-18
1.951951951951951925e+00 1.266716409223124982e-18
1.956956956956956928e+00 8.136200385643149844e-19
1.961961961961961931e+00 5.209775628572078468e-19
1.966966966966966934e+00 3.325570776112070549e-19
1.971971971971971938e+00 2.116205316887236261e-19
1.976976976976976941e+00 1.342420167660310632e-19
1.981981981981981944e+00 8.488927349858947696e-20
1.986986986986986947e+00 5.351129477395899667e-20
1.991991991991991950e+00 3.362489981406665334e-20
1.996996996996996954e+00 2.106172945695659851e-20
2.002002002002002179e+00 1.315040527048789863e-20
2.007007007007007182e+00 8.184476335852419820e-21
2.012012012012012185e+00 5.077429218646404007e-21
2.017017017017017189e+00 3.139732419933275019e-21
2.022022022022022192e+00 1.935226158083355573e-21
2.027027027027027195e+00 1.188928351820180040e-21
2.032032032032032198e+00 7.280463740728052036e-22
2.037037037037037202e+00 4.443614016284239353e-22
2.042042042042042205e+00 2.703224109526559429e-22
2.047047047047047208e+00 1.639044412208809191e-22
2.052052052052052211e+00 9.905053668435745783e-23
2.057057057057057214e+00 5.965884961333180193e-23
2.062062062062062218e+00 3.581288647701062287e-23
2.067067067067067221e+00 2.142617549176686360e-23
2.072072072072072224e+00 1.277571842896353466e-23
2.077077077077077227e+00 7.591993034401981325e-24
2.082082082082082231e+00 4.496250616360670791e-24
2.087087087087087234e+00 2.653773760611467949e-24
2.092092092092092237e+00 1.560955003054373850e-24
2.097097097097097240e+00 9.150069526015389467e-25
2.102102102102102243e+00 5.345155394362125289e-25
2.107107107107107247e+00 3.111663387005897447e-25
2.112112112112112250e+00 1.805159617506618378e-25
2.117117117117117253e+00 1.043575125322114600e-25
2.122122122122122256e+00 6.011893974382206684e-26
2.127127127127127260e+00 3.451220906719046076e-26
2.132132132132132263e+00 1.974251217656722568e-26
2.137137137137137266e+00 1.125368177522173329e-26
2.142142142142142269e+00 6.392102743778478212e-27
2.147147147147147273e+00 3.617796193075706278e-27
2.152152152152152276e+00 2.040281095909213196e-27
2.157157157157157279e+00 1.146504562500809313e-27
2.162162162162162282e+00 6.419419388680739973e-28
2.167167167167167285e+00 3.581328766426735893e-28
2.172172172172172289e+00 1.990743938639888279e-28
2.177177177177177292e+00 1.102563634438235117e-28
2.182182182182182295e+00 6.084196762493974996e-29
2.187187187187187298e+00 3.345094770868300618e-29
2.192192192192192302e+00 1.832371160280408198e-29
2.197197197197197305e+00 1.000028927348127950e-29
2.202202202202202308e+00 5.437509278424735821e-30
2.207207207207207311e+00 2.945574582677730487e-30
2.212212212212212314e+00 1.589706036937701221e-30
2.217217217217217318e+00 8.547411738776161024e-31
2.222222222222222321e+00 4.578441127161817822e-31
2.227227227227227324e+00 2.443205788620557799e-31
2.232232232232232327e+00 1.298841205436000736e-31
2.237237237237237331e+00 6.878596641373421806e-32
2.242242242242242334e+00 3.628988376318323040e-32
2.247247247247247337e+00 1.907249123658804153e-32
2.252252252252252340e+00 9.985263732918582487e-33
2.257257257257257343e+00 5.207581470753639734e-33
2.262262262262262347e+00 2.705397987605317620e-33
2.267267267267267350e+00 1.400035152159023742e-33
2.272272272272272353e+00 7.216947208776988772e-34
2.277277277277277356e+00 3.705689633654390998e-34
2.282282282282282360e+00 1.895307097815327430e-34
2.287287287287287363e+00 9.655600000357262708e-35
2.292292292292292366e+00 4.899617350665672618e-35
2.297297297297297369e+00 2.476408947258394126e-35
2.302302302302302373e+00 1.246676983328021044e-35
2.307307307307307376e+00 6.251021035871435311e-36
2.312312312312312379e+00 3.121817269246289853e-36
2.317317317317317382e+00 1.552807233980532921e-36
2.322322322322322385e+00 7.692636339137033901e-37
2.327327327327327389e+00 3.795547940007023608e-37
2.332332332332332392e+00 1.865131288105907831e-37
2.337337337337337395e+00 9.127965666783674052e-38
2.342342342342342398e+00 4.448998514241479460e-38
2.347347347347347402e+00 2.159574528452024126e-38
2.352352352352352405e+00 1.043964660334128236e-38
2.357357357357357408e+00 5.025844506348669203e-39
2.362362362362362411e+00 2.409527703886081331e-39
2.367367367367367414e+00 1.150398730777435774e-39
2.372372372372372418e+00 5.469560336226091004e-40
2.377377377377377421e+00 2.589631367404669283e-40
2.382382382382382424e+00 1.220952942844986485e-40
2.387387387387387427e+00 5.732305009449871521e-41
2.392392392392392431e+00 2.679927028480239052e-41
2.397397397397397434e+00 1.247595731890170668e-41
2.402402402402402437e+00 5.783302873837868748e-42
2.407407407407407440e+00 2.669457696535649674e-42
2.412412412412412444e+00 1.226899794379771264e-42
2.417417417417417447e+00 5.614718370833245928e-43
2.422422422422422450e+00 2.558430205196347555e-43
2.427427427427427453e+00 1.160752840182215552e-43
2.432432432432432456e+00 5.243489286491330630e-44
2.437437437437437460e+00 2.358355762434503412e-44
2.442442442442442463e+00 1.056088729037993757e-44
2.447447447447447466e+00 4.708553276545573209e-45
2.452452452452452469e+00 2.090087150614888456e-45
2.457457457457457473e+00 9.236872560124108513e-46
2.462462462462462476e+00 4.064086796437739507e-46
2.467467467467467479e+00 1.780214246931023448e-46
2.472472472472472482e+00 7.763304946003843576e-47
2.477477477477477485e+00 3.370387905706711841e-47
2.482482482482482489e+00 1.456685452523725482e-47
2.487487487487487492e+00 6.267554354677323250e-48
2.492492492492492495e+00 2.684544669248464762e-48
2.497497497497497498e+00 1.144661620972417350e-48
2.502502502502502502e+00 4.858601987461524353e-49
2.507507507507507505e+00 2.052896176185648718e-49
2.512512512512512508e+00 8.634512976827755990e-50
2.517517517517517511e+00 3.615077697756873172e-50
2.522522522522522515e+00 1.506607330306929861e-50
2.527527527527527518e+00 6.249983658253440555e-51
2.532532532532532521e+00 2.580760836634152779e-51
2.537537537537537524e+00 1.060719147480052004e-51
2.542542542542542527e+00 4.339408344432958682e-52
2.547547547547547531e+00 1.766980581183650173e-52
2.552552552552552534e+00 7.161398731998428488e-53
2.557557557557557537e+00 2.888832907647940111e-53
2.562562562562562540e+00 1.159842823709281052e-53
2.567567567567567544e+00 4.634700329110998852e-54
2.572572572572572547e+00 1.843247376257369829e-54
2.577577577577577550e+00 7.295896655307735980e-55
2.582582582582582553e+00 2.874090478470421846e-55
2.587587587587587556e+00 1.126788828898210577e-55
2.592592592592592560e+00 4.396413956777966986e-56
2.597597597597597563e+00 1.707112638996715945e-56
2.602602602602602566e+00 6.596702989082675786e-57
2.607607607607607569e+00 2.536801161420232141e-57
2.612612612612612573e+00 9.708100244678606150e-58
2.617617617617617576e+00 3.697123679580458931e-58
2.622622622622622579e+00 1.401100141643654616e-58
2.627627627627627582e+00 5.283763927887009075e-59
2.632632632632632586e+00 1.982805969809809876e-59
2.637637637637637589e+00 7.404115049963504587e-60
2.642642642642642592e+00 2.751159471166359951e-60
2.647647647647647595e+00 1.017188794307151824e-60
2.652652652652652598e+00 3.742174948528926174e-61
2.657657657657657602e+00 1.369862065750497224e-61
2.662662662662662605e+00 4.989457536207487545e-62
2.667667667667667608e+00 1.808202481538787736e-62
2.672672672672672611e+00 6.520058936177635109e-63
2.677677677677677615e+00 2.339161441952274800e-63
2.682682682682682618e+00 8.349617158836681981e-64
2.687687687687687621e+00 2.965268948030504176e-64
2.692692692692692624e+00 1.047722422448383104e-64
2.697697697697697627e+00 3.683040232566321246e-65
2.702702702702702631e+00 1.288066276713035926e-65
2.707707707707707634e+00 4.481618851048423116e-66
2.712712712712712637e+00 1.551279378173777650e-66
2.717717717717717640e+00 5.341914552297233630e-67
2.722722722722722644e+00 1.829991563266518865e-67
2.727727727727727647e+00 6.236484970269125636e-68
2.732732732732732650e+00 2.114281042935701523e-68
2.737737737737737653e+00 7.130352309638024614e-69
2.742742742742742657e+00 2.392093138687885593e-69
2.747747747747747660e+00 7.982839258282139678e-70
2.752752752752752663e+00 2.649977933286416002e-70
2.757757757757757666e+00 8.750362978696872586e-71
2.762762762762762669e+00 2.874101982442878658e-71
2.767767767767767673e+00 9.389963920056052268e-72
2.772772772772772676e+00 3.051438758006848704e-72
2.777777777777777679e+00 9.863197109134192356e-73
2.782782782782782682e+00 3.171001246508126376e-73
2.787787787787787686e+00 1.013990950046211759e-73
2.792792792792792689e+00 3.224957700644641595e-74
2.797797797797797692e+00 1.020139464309226094e-74
2.802802802802802695e+00 3.209474680894515716e-75
2.807807807807807698e+00 1.004246965864776221e-75
2.812812812812812702e+00 3.125162137163270821e-76
2.817817817817817705e+00 9.672156300564408966e-77
2.822822822822822708e+00 2.977049474040459152e-77
2.827827827827827711e+00 9.112846441263274050e-78
2.832832832832832715e+00 2.774090079084425153e-78
2.837837837837837718e+00 8.398057013670376695e-79
2.842842842842842721e+00 2.528261950720903022e-79
2.847847847847847724e+00 7.569087750475102100e-80
2.852852852852852727e+00 2.253390485788849361e-80
2.857857857857857731e+00 6.671047505388328863e-81
2.862862862862862734e+00 1.963855276689888183e-81
2.867867867867867737e+00 5.748784086282135029e-82
2.872872872872872740e+00 1.673349971014067457e-82
2.877877877877877744e+00 4.843229126223251323e-83
2.882882882882882747e+00 1.393843075016781593e-83
2.887887887887887750e+00 3.988563877828349011e-84
2.892892892892892753e+00 1.134844064209086103e-84
2.897897897897897757e+00 3.210450330813981415e-85
2.902902902902902760e+00 9.030233842264179585e-86
2.907907907907907763e+00 2.525390007888153811e-86
2.912912912912912766e+00 7.021784136220738682e-87
2.917917917917917769e+00 1.941105654278383720e-87
2.922922922922922773e+00 5.334904877619766927e-88
2.927927927927927776e+00 1.457716619138040083e-88
2.932932932932932779e+00 3.959875720578610883e-89
2.937937937937937782e+00 1.069412195103691158e-89
2.942942942942942786e+00 2.871156902842950418e-90
2.947947947947947789e+00 7.663197586471937495e-91
2.952952952952952792e+00 2.033281462514440661e-91
2.957957957957957795e+00 5.363057215530551927e-92
2.962962962962962798e+00 1.406202526886699540e-92
2.967967967967967802e+00 3.665193339682904931e-93
2.972972972972972805e+00 9.496258394389393155e-94
2.977977977977977808e+00 2.445726107992217520e-94
2.982982982982982811e+00 6.261174564785982748e-95
2.987987987987987815e+00 1.593270550028513423e-95
2.992992992992992818e+00 4.029971632928801082e-96
2.997997997997997821e+00 1.013179062927248471e-96
3.003003003003002824e+00 2.531833763266089339e-97
3.008008008008007828e+00 6.288425632687531117e-98
3.013013013013012831e+00 1.552384953844521780e-98
3.018018018018017834e+00 3.808909535992166777e-99
3.023023023023022837e+00 9.288350733969970840e-100
3.028028028028027840e+00 2.251159359099225812e-100
3.033033033033032844e+00 5.422462051305936413e-101
3.038038038038037847e+00 1.298082834616505254e-101
3.043043043043042850e+00 3.088281255774838878e-102
3.048048048048047853e+00 7.301847837300799835e-103
3.053053053053052857e+00 1.715707068191432804e-103
3.058058058058057860e+00 4.006275939366753185e-104
3.063063063063062863e+00 9.296486733392988643e-105
3.068068068068067866e+00 2.143729769181958489e-105
3.073073073073072869e+00 4.912327577689041927e-106
3.078078078078077873e+00 1.118571104220836007e-106
3.083083083083082876e+00 2.530997751419400200e-107
3.088088088088087879e+00 5.690686938764616250e-108
3.093093093093092882e+00 1.271379719104760746e-108
3.098098098098097886e+00 2.822385840633853931e-109
3.103103103103102889e+00 6.225595136566934389e-110
3.108108108108107892e+00 1.364462500531651264e-110
3.113113113113112895e+00 2.971333675951118930e-111
3.118118118118117899e+00 6.428996341562494948e-112
3.123123123123122902e+00 1.382068919536655381e-112
3.128128128128127905e+00 2.951914805201947588e-113
3.133133133133132908e+00 6.264095297860506786e-114
3.138138138138137911e+00 1.320645104355581220e-114
3.143143143143142915e+00 2.766176805245304036e-115
3.148148148148147918e+00 5.756156397160725331e-116
3.153153153153152921e+00 1.189972346736467537e-116
3.158158158158157924e+00 2.443912051227671295e-117
3.163163163163162928e+00 4.986220457512675721e-118
3.168168168168167931e+00 1.010618749570654815e-118
3.173173173173172934e+00 2.034819839978637454e-119
3.178178178178177937e+00 4.069865633004297216e-120
3.183183183183182940e+00 8.086161776889449083e-121
3.188188188188187944e+00 1.595900357005739516e-121
3.193193193193192947e+00 3.128692252301728108e-122
3.198198198198197950e+00 6.092652112971628732e-123
3.203203203203202953e+00 1.178498672982561288e-123
3.208208208208208401e+00 2.264246547547302738e-124
3.213213213213213404e+00 4.320986800250575148e-125
3.218218218218218407e+00 8.190293721196503895e-126
3.223223223223223410e+00 1.541934839647450353e-126
3.228228228228228414e+00 2.883203271971257853e-127
3.233233233233233417e+00 5.354511813816913301e-128
3.238238238238238420e+00 9.876260877222129338e-129
3.243243243243243423e+00 1.809197363638594687e-129
3.248248248248248427e+00 3.291491375883827365e-130
3.253253253253253430e+00 5.947103999025743950e-131
3.258258258258258433e+00 1.067129261113413399e-131
3.263263263263263436e+00 1.901602974477545815e-132
3.268268268268268439e+00 3.365167028038020336e-133
3.273273273273273443e+00 5.913845661360174878e-134
3.278278278278278446e+00 1.032054308412425075e-134
3.283283283283283449e+00 1.788532897861859046e-135
3.288288288288288452e+00 3.077837857447620786e-136
3.293293293293293456e+00 5.259464924936179910e-137
3.298298298298298459e+00 8.924358398772494055e-138
3.303303303303303462e+00 1.503642672279208392e-138
3.308308308308308465e+00 2.515573777664236068e-139
3.313313313313313468e+00 4.178754190688336953e-140
3.318318318318318472e+00 6.892337020518084990e-141
3.323323323323323475e+00 1.128726334100932900e-141
3.328328328328328478e+00 1.835294795041614186e-142
3.333333333333333481e+00 2.962856212018769056e-143
3.338338338338338485e+00 4.748926226841727008e-144
3.343343343343343488e+00 7.557060615420206118e-145
3.348348348348348491e+00 1.193920880155638407e-145
3.353353353353353494e+00 1.872646767833560549e-146
3.358358358358358497e+00 2.915992276123823422e-147
3.363363363363363501e+00 4.507747307960318375e-148
3.368368368368368504e+00 6.917799044948449329e-149
3.373373373373373507e+00 1.053911144779631398e-149
3.378378378378378510e+00 1.593896843794802890e-150
3.383383383383383514e+00 2.392924845270936213e-151
3.388388388388388517e+00 3.566177956537036400e-152
3.393393393393393520e+00 5.275632439302472979e-153
3.398398398398398523e+00 7.747044866675807497e-154
3.403403403403403527e+00 1.129223957776379366e-154
3.408408408408408530e+00 1.633800443468072935e-155
3.413413413413413533e+00 2.346309421832231122e-156
3.418418418418418536e+00 3.344501054257917073e-157
3.423423423423423539e+00 4.731834968688527788e-158
3.428428428428428543e+00 6.644655302146290537e-159
3.433433433433433546e+00 9.260881916475958311e-160
3.438438438438438549e+00 1.281036965110346376e-160
3.443443443443443552e+00 1.758704183756643821e-161
3.448448448448448556e+00 2.396283182123035215e-162
3.453453453453453559e+00 3.240336197614536133e-163
3.458458458458458562e+00 4.348514966517080852e-164
3.463463463463463565e+00 5.791395152907351052e-165
3.468468468468468568e+00 7.654364176713444025e-166
3.473473473473473572e+00 1.003947706911717481e-166
3.478478478478478575e+00 1.306716753378275845e-167
3.483483483483483578e+00 1.687767281769987448e-168
3.488488488488488581e+00 2.163200326286969040e-169
3.493493493493493585e+00 2.751226306650529494e-170
3.498498498498498588e+00 3.472111088692530167e-171
3.503503503503503591e+00 4.348014093630215978e-172
3.508508508508508594e+00 5.402697069334989546e-173
3.513513513513513598e+00 6.661084378327934353e-174
3.518518518518518601e+00 8.148659880170364401e-175
3.523523523523523604e+00 9.890691881244864431e-176
3.528528528528528607e+00 1.191128624055011534e-176
3.533533533533533610e+00 1.423227841829978703e-177
3.538538538538538614e+00 1.687198767867257864e-178
3.543543543543543617e+00 1.984387021669516191e-179
3.548548548548548620e+00 2.315512184558926707e-180
3.553553553553553623e+00 2.680529402316362932e-181
3.558558558558558627e+00 3.078499823299453049e-182
3.563563563563563630e+00 3.507478181969608485e-183
3.568568568568568633e+00 3.964426210094488496e-184
3.573573573573573636e+00 4.445160389779429189e-185
3.578578578578578639e+00 4.944341778658070205e-186
3.583583583583583643e+00 5.455514204014946010e-187
3.588588588588588646e+00 5.971195056003465531e-188
3.593593593593593649e+00 6.483020283836552480e-189
3.598598598598598652e+00 6.981942144155096461e-190
3.603603603603603656e+00 7.458474951334611459e-191
3.608608608608608659e+00 7.902980761296060156e-192
3.613613613613613662e+00 8.305983834619302904e-193
3.618618618618618665e+00 8.658500127308075023e-194
3.623623623623623669e+00 8.952366186005815053e-195
3.628628628628628672e+00 9.180550873822826183e-196
3.633633633633633675e+00 9.337433454974269850e-197
3.638638638638638678e+00 9.419032773417723236e-198
3.643643643643643681e+00 9.423174534928919242e-199
3.648648648648648685e+00 9.349586916359905136e-200
3.653653653653653688e+00 9.199918669838328266e-201
3.658658658658658691e+00 8.977678287113289840e-202
3.663663663663663694e+00 8.688097321393566236e-203
3.668668668668668698e+00 8.337925296920306304e-204
3.673673673673673701e+00 7.935167451916041687e-205
3.678678678678678704e+00 7.488779584159664330e-206
3.683683683683683707e+00 7.008336293436528964e-207
3.688688688688688710e+00 6.503689820967547921e-208
3.693693693693693714e+00 5.984636445306928949e-209
3.698698698698698717e+00 5.460606073646723523e-210
3.703703703703703720e+00 4.940388417211242277e-211
3.708708708708708723e+00 4.431906175853859320e-212
3.713713713713713727e+00 3.942042240255053272e-213
3.718718718718718730e+00 3.476524328639797591e-214
3.723723723723723733e+00 3.039866978981858099e-215
3.728728728728728736e+00 2.635367657619871330e-216
3.733733733733733740e+00 2.265151112250624627e-217
3.738738738738738743e+00 1.930254122195909828e-218
3.743743743743743746e+00 1.630741546830233206e-219
3.748748748748748749e+00 1.365844045127701243e-220
3.753753753753753752e+00 1.134107980048669752e-221
3.758758758758758756e+00 9.335487308658066310e-223
3.763763763763763759e+00 7.617997840966874506e-224
3.768768768768768762e+00 6.162514143169764152e-225
3.773773773773773765e+00 4.941743540600151152e-226
3.778778778778778769e+00 3.928254535920606224e-227
3.783783783783783772e+00 3.095338341689623102e-228
3.788788788788788775e+00 2.417673570686999970e-229
3.793793793793793778e+00 1.871803093713011010e-230
3.798798798798798781e+00 1.436440189326366333e-231
3.803803803803803785e+00 1.092626535341470561e-232
3.808808808808808788e+00 8.237675167655804273e-234
3.813813813813813791e+00 6.155710858317019623e-235
3.818818818818818794e+00 4.559154328008188039e-236
3.823823823823823798e+00 3.346684717196799462e-237
3.828828828828828801e+00 2.434790629529179826e-238
3.833833833833833804e+00 1.755563887025309634e-239
3.838838838838838807e+00 1.254503064114624865e-240
3.843843843843843811e+00 8.884208739201593327e-242
3.848848848848848814e+00 6.235188445097158785e-243
3.853853853853853817e+00 4.336666960867924860e-244
3.858858858858858820e+00 2.989028572542482026e-245
3.863863863863863823e+00 2.041565943752923148e-246
3.868868868868868827e+00 1.381808773213050090e-247
3.873873873873873830e+00 9.267775322023272683e-249
3.878878878878878833e+00 6.159392632177406587e-250
3.883883883883883836e+00 4.056270796446144563e-251
3.888888888888888840e+00 2.646881280557486095e-252
3.893893893893893843e+00 1.711402882459452351e-253
3.898898898898898846e+00 1.096407831329342611e-254
3.903903903903903849e+00 6.959625390201572912e-256
3.908908908908908852e+00 4.377087711577252056e-257
3.913913913913913856e+00 2.727483078578866718e-258
3.918918918918918859e+00 1.683868152142872172e-259
3.923923923923923862e+00 1.029947458228954479e-260
3.928928928928928865e+00 6.241296093848018881e-262
3.933933933933933869e+00 3.746959385106875521e-263
3.938938938938938872e+00 2.228534772640685429e-264
3.943943943943943875e+00 1.313069807605177278e-265
3.948948948948948878e+00 7.664360458379416238e-267
3.953953953953953881e+00 4.431752127816714707e-268
3.958958958958958885e+00 2.538505788917133435e-269
3.963963963963963888e+00 1.440375500858411293e-270
3.968968968968968891e+00 8.095801933767503007e-272
3.973973973973973894e+00 4.507360627489673600e-273
3.978978978978978898e+00 2.485734381228871675e-274
3.983983983983983901e+00 1.357840638047121529e-275
3.988988988988988904e+00 7.346766545746630863e-277
3.993993993993993907e+00 3.937211175539249484e-278
3.998998998998998911e+00 2.089863311746717960e-279
4.004004004004004358e+00 1.098690635186075968e-280
4.009009009009009361e+00 5.720750280316753679e-282
4.014014014014014364e+00 2.950137360451712322e-283
4.019019019019019368e+00 1.506727828901826230e-284
4.024024024024024371e+00 7.621182240043762711e-286
4.029029029029029374e+00 3.817653271203089788e-287
4.034034034034034377e+00 1.893864236659908397e-288
4.039039039039039380e+00 9.304028887357717529e-290
4.044044044044044384e+00 4.526418634892793269e-291
4.049049049049049387e+00 2.180677562627201895e-292
4.054054054054054390e+00 1.040334169676219082e-293
4.059059059059059393e+00 4.914626723262608572e-295
4.064064064064064397e+00 2.298984634438218370e-296
4.069069069069069400e+00 1.064880902915981085e-297
4.074074074074074403e+00 4.884015401638713797e-299
4.079079079079079406e+00 2.217969642536791896e-300
4.084084084084084409e+00 9.973057465492099464e-302
4.089089089089089413e+00 4.440038688746648304e-303
4.094094094094094416e+00 1.957142501409364249e-304
4.099099099099099419e+00 8.541358458282355002e-306
4.104104104104104422e+00 3.690555955648668433e-307
4.109109109109109426e+00 1.578732389749088283e-308
4.114114114114114429e+00 6.686035061947904457e-310
4.119119119119119432e+00 2.803262060747059978e-311
4.124124124124124435e+00 1.163550651876530889e-312
4.129129129129129439e+00 4.781125882678337818e-314
4.134134134134134442e+00 1.944012245765784014e-315
4.139139139139139445e+00 7.889074226736022159e-317
4.144144144144144448e+00 3.531902379143027108e-318
4.149149149149149451e+00 0.000000000000000000e+00
4.154154154154154455e+00 0.000000000000000000e+00
4.159159159159159458e+00 0.000000000000000000e+00
4.164164164164164461e+00 0.000000000000000000e+00
4.169169169169169464e+00 0.000000000000000000e+00
4.174174174174174468e+00 0.000000000000000000e+00
4.179179179179179471e+00 0.000000000000000000e+00
4.184184184184184474e+00 0.000000000000000000e+00
4.189189189189189477e+00 0.000000000000000000e+00
4.194194194194194480e+00 0.000000000000000000e+00
4.199199199199199484e+00 0.000000000000000000e+00
4.204204204204204487e+00 0.000000000000000000e+00
4.209209209209209490e+00 0.000000000000000000e+00
4.214214214214214493e+00 0.000000000000000000e+00
4.219219219219219497e+00 0.000000000000000000e+00
4.224224224224224500e+00 0.000000000000000000e+00
4.229229229229229503e+00 0.000000000000000000e+00
4.234234234234234506e+00 0.000000000000000000e+00
4.239239239239239510e+00 0.000000000000000000e+00
4.244244244244244513e+00 0.000000000000000000e+00
4.249249249249249516e+00 0.000000000000000000e+00
4.254254254254254519e+00 0.000000000000000000e+00
4.259259259259259522e+00 0.000000000000000000e+00
4.264264264264264526e+00 0.000000000000000000e+00
4.269269269269269529e+00 0.000000000000000000e+00
4.274274274274274532e+00 0.000000000000000000e+00
4.279279279279279535e+00 0.000000000000000000e+00
4.284284284284284539e+00 0.000000000000000000e+00
4.289289289289289542e+00 0.000000000000000000e+00
4.294294294294294545e+00 0.000000000000000000e+00
4.299299299299299548e+00 0.000000000000000000e+00
4.304304304304304551e+00 0.000000000000000000e+00
4.309309309309309555e+00 0.000000000000000000e+00
4.314314314314314558e+00 0.000000000000000000e+00
4.319319319319319561e+00 0.000000000000000000e+00
4.324324324324324564e+00 0.000000000000000000e+00
4.329329329329329568e+00 0.000000000000000000e+00
4.334334334334334571e+00 0.000000000000000000e+00
4.339339339339339574e+00 0.000000000000000000e+00
4.344344344344344577e+00 0.000000000000000000e+00
4.349349349349349581e+00 0.000000000000000000e+00
4.354354354354354584e+00 0.000000000000000000e+00
4.359359359359359587e+00 0.000000000000000000e+00
4.364364364364364590e+00 0.000000000000000000e+00
4.369369369369369593e+00 0.000000000000000000e+00
4.374374374374374597e+00 0.000000000000000000e+00
4.379379379379379600e+00 0.000000000000000000e+00
4.384384384384384603e+00 0.000000000000000000e+00
4.389389389389389606e+00 0.000000000000000000e+00
4.394394394394394610e+00 0.000000000000000000e+00
4.399399399399399613e+00 0.000000000000000000e+00
4.404404404404404616e+00 0.000000000000000000e+00
4.409409409409409619e+00 0.000000000000000000e+00
4.414414414414414622e+00 0.000000000000000000e+00
4.419419419419419626e+00 0.000000000000000000e+00
4.424424424424424629e+00 0.000000000000000000e+00
4.429429429429429632e+00 0.000000000000000000e+00
4.434434434434434635e+00 0.000000000000000000e+00
4.439439439439439639e+00 0.000000000000000000e+00
4.444444444444444642e+00 0.000000000000000000e+00
4.449449449449449645e+00 0.000000000000000000e+00
4.454454454454454648e+00 0.000000000000000000e+00
4.459459459459459651e+00 0.000000000000000000e+00
4.464464464464464655e+00 0.000000000000000000e+00
4.469469469469469658e+00 0.000000000000000000e+00
4.474474474474474661e+00 0.000000000000000000e+00
4.479479479479479664e+00 0.000000000000000000e+00
4.484484484484484668e+00 0.000000000000000000e+00
4.489489489489489671e+00 0.000000000000000000e+00
4.494494494494494674e+00 0.000000000000000000e+00
4.499499499499499677e+00 0.000000000000000000e+00
4.504504504504504681e+00 0.000000000000000000e+00
4.509509509509509684e+00 0.000000000000000000e+00
4.514514514514514687e+00 0.000000000000000000e+00
4.519519519519519690e+00 0.000000000000000000e+00
4.524524524524524693e+00 0.000000000000000000e+00
4.529529529529529697e+00 0.000000000000000000e+00
4.534534534534534700e+00 0.000000000000000000e+00
4.539539539539539703e+00 0.000000000000000000e+00
4.544544544544544706e+00 0.000000000000000000e+00
4.549549549549549710e+00 0.000000000000000000e+00
4.554554554554554713e+00 0.000000000000000000e+00
4.559559559559559716e+00 0.000000000000000000e+00
4.564564564564564719e+00 0.000000000000000000e+00
4.569569569569569722e+00 0.000000000000000000e+00
4.574574574574574726e+00 0.000000000000000000e+00
4.579579579579579729e+00 0.000000000000000000e+00
4.584584584584584732e+00 0.000000000000000000e+00
4.589589589589589735e+00 0.000000000000000000e+00
4.594594594594594739e+00 0.000000000000000000e+00
4.599599599599599742e+00 0.000000000000000000e+00
4.604604604604604745e+00 0.000000000000000000e+00
4.609609609609609748e+00 0.000000000000000000e+00
4.614614614614614752e+00 0.000000000000000000e+00
4.619619619619619755e+00 0.000000000000000000e+00
4.624624624624624758e+00 0.000000000000000000e+00
4.629629629629629761e+00 0.000000000000000000e+00
4.634634634634634764e+00 0.000000000000000000e+00
4.639639639639639768e+00 0.000000000000000000e+00
4.644644644644644771e+00 0.000000000000000000e+00
4.649649649649649774e+00 0.000000000000000000e+00
4.654654654654654777e+00 0.000000000000000000e+00
4.659659659659659781e+00 0.000000000000000000e+00
4.664664664664664784e+00 0.000000000000000000e+00
4.669669669669669787e+00 0.000000000000000000e+00
4.674674674674674790e+00 0.000000000000000000e+00
4.679679679679679793e+00 0.000000000000000000e+00
4.684684684684684797e+00 0.000000000000000000e+00
4.689689689689689800e+00 0.000000000000000000e+00
4.694694694694694803e+00 0.000000000000000000e+00
4.699699699699699806e+00 0.000000000000000000e+00
4.704704704704704810e+00 0.000000000000000000e+00
4.709709709709709813e+00 0.000000000000000000e+00
4.714714714714714816e+00 0.000000000000000000e+00
4.719719719719719819e+00 0.000000000000000000e+00
4.724724724724724823e+00 0.000000000000000000e+00
4.729729729729729826e+00 0.000000000000000000e+00
4.734734734734734829e+00 0.000000000000000000e+00
4.739739739739739832e+00 0.000000000000000000e+00
4.744744744744744835e+00 0.000000000000000000e+00
4.749749749749749839e+00 0.000000000000000000e+00
4.754754754754754842e+00 0.000000000000000000e+00
4.759759759759759845e+00 0.000000000000000000e+00
4.764764764764764848e+00 0.000000000000000000e+00
4.769769769769769852e+00 0.000000000000000000e+00
4.774774774774774855e+00 0.000000000000000000e+00
4.779779779779779858e+00 0.000000000000000000e+00
4.784784784784784861e+00 0.000000000000000000e+00
4.789789789789789864e+00 0.000000000000000000e+00
4.794794794794794868e+00 0.000000000000000000e+00
4.799799799799799871e+00 0.000000000000000000e+00
4.804804804804804874e+00 0.000000000000000000e+00
4.809809809809809877e+00 0.000000000000000000e+00
4.814814814814814881e+00 0.000000000000000000e+00
4.819819819819819884e+00 0.000000000000000000e+00
4.824824824824824887e+00 0.000000000000000000e+00
4.829829829829829890e+00 0.000000000000000000e+00
4.834834834834834894e+00 0.000000000000000000e+00
4.839839839839839897e+00 0.000000000000000000e+00
4.844844844844844900e+00 0.000000000000000000e+00
4.849849849849849903e+00 0.000000000000000000e+00
4.854854854854854906e+00 0.000000000000000000e+00
4.859859859859859910e+00 0.000000000000000000e+00
4.864864864864864913e+00 0.000000000000000000e+00
4.869869869869869916e+00 0.000000000000000000e+00
4.874874874874874919e+00 0.000000000000000000e+00
4.879879879879879923e+00 0.000000000000000000e+00
4.884884884884884926e+00 0.000000000000000000e+00
4.889889889889889929e+00 0.000000000000000000e+00
4.894894894894894932e+00 0.000000000000000000e+00
4.899899899899899935e+00 0.000000000000000000e+00
4.904904904904904939e+00 0.000000000000000000e+00
4.909909909909909942e+00 0.000000000000000000e+00
4.914914914914914945e+00 0.000000000000000000e+00
4.919919919919919948e+00 0.000000000000000000e+00
4.924924924924924952e+00 0.000000000000000000e+00
4.929929929929929955e+00 0.000000000000000000e+00
4.934934934934934958e+00 0.000000000000000000e+00
4.939939939939939961e+00 0.000000000000000000e+00
4.944944944944944965e+00 0.000000000000000000e+00
4.949949949949949968e+00 0.000000000000000000e+00
4.954954954954954971e+00 0.000000000000000000e+00
4.959959959959959974e+00 0.000000000000000000e+00
4.964964964964964977e+00 0.000000000000000000e+00
4.969969969969969981e+00 0.000000000000000000e+00
4.974974974974974984e+00 0.000000000000000000e+00
4.979979979979979987e+00 0.000000000000000000e+00
4.984984984984984990e+00 0.000000000000000000e+00
4.989989989989989994e+00 0.000000000000000000e+00
4.994994994994994997e+00 0.000000000000000000e+00
5.000000000000000000e+00 0.000000000000000000e+00
