0.000000000000000000e+00 0.000000000000000000e+00
5.005005005005004962e-03 1.733158429778181724e-06
1.001001001001000992e-02 1.906780416901171445e-05
1.501501501501501488e-02 7.752224287190498159e-05
2.002002002002001985e-02 2.096510968794953545e-04
2.502502502502502307e-02 4.534309155556025240e-04
3.003003003003002977e-02 8.513311675870470887e-04
3.503503503503503647e-02 1.449650926496937357e-03
4.004004004004003969e-02 2.297988884707435724e-03
4.504504504504504292e-02 3.448788421211374314e-03
5.005005005005004615e-02 4.956927597043901158e-03
5.505505505505505631e-02 6.879336926235761485e-03
6.006006006006005954e-02 9.274634543742889606e-03
6.506506506506506970e-02 1.220277226077299410e-02
7.007007007007007293e-02 1.572468836541641643e-02
7.507507507507507616e-02 1.990196455764956310e-02
8.008008008008007939e-02 2.479648544441512628e-02
8.508508508508508261e-02 3.047009974982758593e-02
9.009009009009008584e-02 3.698428292560183850e-02
9.509509509509508907e-02 4.439980124255918370e-02
1.001001001001000923e-01 5.277637774606609017e-02
1.051051051051051094e-01 6.217236069255755587e-02
1.101101101101101126e-01 7.264439526806000524e-02
1.151151151151151159e-01 8.424709953443117183e-02
1.201201201201201191e-01 9.703274566282012181e-02
1.251251251251251362e-01 1.110509476021764724e-01
1.301301301301301394e-01 1.263483563974389656e-01
1.351351351351351426e-01 1.429683644201606985e-01
1.401401401401401459e-01 1.609508198058597905e-01
1.451451451451451491e-01 1.803317524088882684e-01
1.501501501501501523e-01 2.011431125882834348e-01
1.551551551551551555e-01 2.234125241278527296e-01
1.601601601601601588e-01 2.471630525714218485e-01
1.651651651651651620e-01 2.724129902204179277e-01
1.701701701701701652e-01 2.991756589963486257e-01
1.751751751751751685e-01 3.274592323158477258e-01
1.801801801801801717e-01 3.572665770613164815e-01
1.851851851851851749e-01 3.885951166563464398e-01
1.901901901901901781e-01 4.214367161726193522e-01
1.951951951951951814e-01 4.557775903044201105e-01
2.002002002002001846e-01 4.915982349488721148e-01
2.052052052052052156e-01 5.288733830251506340e-01
2.102102102102102188e-01 5.675719850549122425e-01
2.152152152152152220e-01 6.076572149097091424e-01
2.202202202202202252e-01 6.490865010099531318e-01
2.252252252252252285e-01 6.918115831348449207e-01
2.302302302302302317e-01 7.357785948743600368e-01
2.352352352352352349e-01 7.809281716237114201e-01
2.402402402402402382e-01 8.271955838885446388e-01
2.452452452452452414e-01 8.745108955362723702e-01
2.502502502502502724e-01 9.227991464963577473e-01
2.552552552552552756e-01 9.719805592808006267e-01
2.602602602602602788e-01 1.021970768566516918e+00
2.652652652652652820e-01 1.072681072954524417e+00
2.702702702702702853e-01 1.124018707897766367e+00
2.752752752752752885e-01 1.175887138670826948e+00
2.802802802802802917e-01 1.228186372141522043e+00
2.852852852852852950e-01 1.280813285997192574e+00
2.902902902902902982e-01 1.333661973978224280e+00
2.952952952952953014e-01 1.386624105578530886e+00
3.003003003003003046e-01 1.439589298588213051e+00
3.053053053053053079e-01 1.492445502777832944e+00
3.103103103103103111e-01 1.545079392957369180e+00
3.153153153153153143e-01 1.597376769586383416e+00
3.203203203203203175e-01 1.649222965065619606e+00
3.253253253253253208e-01 1.700503253804631409e+00
3.303303303303303240e-01 1.751103264135212889e+00
3.353353353353353272e-01 1.800909390126763432e+00
3.403403403403403304e-01 1.849809201357231148e+00
3.453453453453453337e-01 1.897691848702112827e+00
3.503503503503503369e-01 1.944448464224015849e+00
3.553553553553553401e-01 1.989972553276496248e+00
3.603603603603603434e-01 2.034160376978001672e+00
3.653653653653653466e-01 2.076911323264574172e+00
3.703703703703703498e-01 2.118128264793129212e+00
3.753753753753753530e-01 2.157717902040222402e+00
3.803803803803803563e-01 2.195591090023787828e+00
3.853853853853853595e-01 2.231663147166775829e+00
3.903903903903903627e-01 2.265854144921440660e+00
3.953953953953953659e-01 2.298089176880404150e+00
4.004004004004003692e-01 2.328298606214991295e+00
4.054054054054054279e-01 2.356418290401883553e+00
4.104104104104104311e-01 2.382389782324937588e+00
4.154154154154154344e-01 2.406160506969554191e+00
4.204204204204204376e-01 2.427683913060922904e+00
4.254254254254254408e-01 2.446919599134487644e+00
4.304304304304304440e-01 2.463833413665589056e+00
4.354354354354354473e-01 2.478397529025103019e+00
4.404404404404404505e-01 2.490590489167600285e+00
4.454454454454454537e-01 2.500397231097639228e+00
4.504504504504504570e-01 2.507809080296990345e+00
4.554554554554554602e-01 2.512823720430412688e+00
4.604604604604604634e-01 2.515445137778786311e+00
4.654654654654654666e-01 2.515683540975610200e+00
4.704704704704704699e-01 2.513555256744862021e+00
4.754754754754754731e-01 2.509082602454739686e+00
4.804804804804804763e-01 2.502293736411688840e+00
4.854854854854854795e-01 2.493222486922259673e+00
4.904904904904904828e-01 2.481908161245703237e+00
4.954954954954954860e-01 2.468395335647664446e+00
5.005005005005005447e-01 2.452733627844169373e+00
5.055055055055055480e-01 2.434977453195154240e+00
5.105105105105105512e-01 2.415185766067606377e+00
5.155155155155155544e-01 2.393421787839787651e+00
5.205205205205205576e-01 2.369752723059934230e+00
5.255255255255255609e-01 2.344249465304933722e+00
5.305305305305305641e-01 2.316986294307075145e+00
5.355355355355355673e-01 2.288040565929756909e+00
5.405405405405405705e-01 2.257492396576447735e+00
5.455455455455455738e-01 2.225424343611161149e+00
5.505505505505505770e-01 2.191921083353612687e+00
5.555555555555555802e-01 2.157069088188310335e+00
5.605605605605605835e-01 2.120956304294511430e+00
5.655655655655655867e-01 2.083671831463541402e+00
5.705705705705705899e-01 2.045305606422020528e+00
5.755755755755755931e-01 2.005948091024518654e+00
5.805805805805805964e-01 1.965689966617464091e+00
5.855855855855855996e-01 1.924621835808667525e+00
5.905905905905906028e-01 1.882833932803721799e+00
5.955955955955956060e-01 1.840415843392950945e+00
6.006006006006006093e-01 1.797456235590576101e+00
6.056056056056056125e-01 1.754042601842576099e+00
6.106106106106106157e-01 1.710261013631426019e+00
6.156156156156156189e-01 1.666195889215702275e+00
6.206206206206206222e-01 1.621929775150558806e+00
6.256256256256256254e-01 1.577543142142506571e+00
6.306306306306306286e-01 1.533114195698813909e+00
6.356356356356356319e-01 1.488718701939389488e+00
6.406406406406406351e-01 1.444429828847231478e+00
6.456456456456456383e-01 1.400318003143520285e+00
6.506506506506506415e-01 1.356450782885235906e+00
6.556556556556556448e-01 1.312892745797764160e+00
6.606606606606606480e-01 1.269705393272332561e+00
6.656656656656656512e-01 1.226947069879151364e+00
6.706706706706706544e-01 1.184672898171791111e+00
6.756756756756756577e-01 1.142934728487341012e+00
6.806806806806806609e-01 1.101781103380236049e+00
6.856856856856856641e-01 1.061257236265848336e+00
6.906906906906906674e-01 1.021405003792967170e+00
6.956956956956956706e-01 9.822629514125872374e-01
7.007007007007006738e-01 9.438663115638342704e-01
7.057057057057056770e-01 9.062470338567386596e-01
7.107107107107106803e-01 8.694338265957001211e-01
7.157157157157156835e-01 8.334522089571499981e-01
7.207207207207206867e-01 7.983245731097821096e-01
7.257257257257256899e-01 7.640702555460218148e-01
7.307307307307306932e-01 7.307056168787328110e-01
7.357357357357356964e-01 6.982441293476647770e-01
7.407407407407406996e-01 6.666964712753898903e-01
7.457457457457457028e-01 6.360706277125148800e-01
7.507507507507507061e-01 6.063719965163404391e-01
7.557557557557557093e-01 5.776034991158328635e-01
7.607607607607607125e-01 5.497656952283406229e-01
7.657657657657657158e-01 5.228569008097959658e-01
7.707707707707707190e-01 4.968733085397937788e-01
7.757757757757757222e-01 4.718091101657170827e-01
7.807807807807807254e-01 4.476566200556035824e-01
7.857857857857857287e-01 4.244063993375030708e-01
7.907907907907907319e-01 4.020473800332254322e-01
7.957957957957957351e-01 3.805669886264324009e-01
8.008008008008007383e-01 3.599512685386324629e-01
8.058058058058058526e-01 3.401850010214089171e-01
8.108108108108108558e-01 3.212518240090360688e-01
8.158158158158158590e-01 3.031343485120410186e-01
8.208208208208208623e-01 2.858142721690988819e-01
8.258258258258258655e-01 2.692724896115917810e-01
8.308308308308308687e-01 2.534891993319740022e-01
8.358358358358358720e-01 2.384440067835776611e-01
8.408408408408408752e-01 2.241160234753433178e-01
8.458458458458458784e-01 2.104839618601211937e-01
8.508508508508508816e-01 1.975262258493170608e-01
8.558558558558558849e-01 1.852209968197344181e-01
8.608608608608608881e-01 1.735463150102036223e-01
8.658658658658658913e-01 1.624801562360030371e-01
8.708708708708708945e-01 1.520005038779310702e-01
8.758758758758758978e-01 1.420854161301789709e-01
8.808808808808809010e-01 1.327130885167416841e-01
8.858858858858859042e-01 1.238619117099890032e-01
8.908908908908909074e-01 1.155105247071002567e-01
8.958958958958959107e-01 1.076378634403723222e-01
9.009009009009009139e-01 1.002232049158736926e-01
9.059059059059059171e-01 9.324620699159723303e-02
9.109109109109109204e-01 8.668694392112433200e-02
9.159159159159159236e-01 8.052593780191859285e-02
9.209209209209209268e-01 7.474418607872269915e-02
9.259259259259259300e-01 6.932318526221926958e-02
9.309309309309309333e-01 6.424495103115845929e-02
9.359359359359359365e-01 5.949203489264577593e-02
9.409409409409409397e-01 5.504753758026025012e-02
9.459459459459459429e-01 5.089511937325327806e-02
9.509509509509509462e-01 4.701900752230048219e-02
9.559559559559559494e-01 4.340400096826398796e-02
9.609609609609609526e-01 4.003547254022635227e-02
9.659659659659659559e-01 3.689936881780049582e-02
9.709709709709709591e-01 3.398220784046261655e-02
9.759759759759759623e-01 3.127107484351528133e-02
9.809809809809809655e-01 2.875361619632657920e-02
9.859859859859859688e-01 2.641803171383193607e-02
9.909909909909909720e-01 2.425306550697845301e-02
9.959959959959959752e-01 2.224799553195218327e-02
1.001001001001001089e+00 2.039262199172121523e-02
1.006006006006006093e+00 1.867725473673350831e-02
1.011011011011011096e+00 1.709269980461157815e-02
1.016016016016016099e+00 1.563024523144493014e-02
1.021021021021021102e+00 1.428164625987282318e-02
1.026026026026026106e+00 1.303911006163103667e-02
1.031031031031031109e+00 1.189528008467042632e-02
1.036036036036036112e+00 1.084322012738846673e-02
1.041041041041041115e+00 9.876398235006517493e-03
1.046046046046046119e+00 8.988670505709875705e-03
1.051051051051051122e+00 8.174264886893314527e-03
1.056056056056056125e+00 7.427765034749529011e-03
1.061061061061061128e+00 6.744094303540879888e-03
1.066066066066066131e+00 6.118499924225207116e-03
1.071071071071071135e+00 5.546537425693708404e-03
1.076076076076076138e+00 5.024055345736291520e-03
1.081081081081081141e+00 4.547180272997965872e-03
1.086086086086086144e+00 4.112302255636084321e-03
1.091091091091091148e+00 3.716060607144427812e-03
1.096096096096096151e+00 3.355330134878896364e-03
1.101101101101101154e+00 3.027207812207110670e-03
1.106106106106106157e+00 2.728999910907085619e-03
1.111111111111111160e+00 2.458209606459260677e-03
1.116116116116116164e+00 2.212525065205066515e-03
1.121121121121121167e+00 1.989808018979914890e-03
1.126126126126126170e+00 1.788082829759370237e-03
1.131131131131131173e+00 1.605526044076916294e-03
1.136136136136136177e+00 1.440456434468940974e-03
1.141141141141141180e+00 1.291325522966270184e-03
1.146146146146146183e+00 1.156708579670150854e-03
1.151151151151151186e+00 1.035296087710723453e-03
1.156156156156156189e+00 9.258856643751087363e-04
1.161161161161161193e+00 8.273744268962436935e-04
1.166166166166166196e+00 7.387517902995745364e-04
1.171171171171171199e+00 6.590926837982039434e-04
1.176176176176176202e+00 5.875511714950161718e-04
1.181181181181181206e+00 5.233544625787896892e-04
1.186186186186186209e+00 4.657972957774487023e-04
1.191191191191191212e+00 4.142366825421558876e-04
1.196196196196196215e+00 3.680869932687544626e-04
1.201201201201201219e+00 3.268153708056911592e-04
1.206206206206206222e+00 2.899374555388414972e-04
1.211211211211211225e+00 2.570134064722664905e-04
1.216216216216216228e+00 2.276442029296427800e-04
1.221221221221221231e+00 2.014682117738778966e-04
1.226226226226226235e+00 1.781580053732169106e-04
1.231231231231231238e+00 1.574174159220948074e-04
1.236236236236236241e+00 1.389788121462371122e-04
1.241241241241241244e+00 1.226005848764919360e-04
1.246246246246246248e+00 1.080648284578916582e-04
1.251251251251251251e+00 9.517520546310965666e-05
1.256256256256256254e+00 8.375498269723029602e-05
1.261261261261261257e+00 7.364522700835265771e-05
1.266266266266266260e+00 6.470314995147688822e-05
1.271271271271271264e+00 5.680059088719689037e-05
1.276276276276276267e+00 4.982262862834546213e-05
1.281281281281281270e+00 4.366631227369030283e-05
1.286286286286286273e+00 3.823950238532864798e-05
1.291291291291291277e+00 3.345981417314873970e-05
1.296296296296296280e+00 2.925365484364749374e-05
1.301301301301301283e+00 2.555534774980260546e-05
1.306306306306306286e+00 2.230633644225928192e-05
1.311311311311311290e+00 1.945446216868397976e-05
1.316316316316316293e+00 1.695330879696594546e-05
1.321321321321321296e+00 1.476160954838224453e-05
1.326326326326326299e+00 1.284271031851824973e-05
1.331331331331331302e+00 1.116408473642937379e-05
1.336336336336336306e+00 9.696896466209599952e-06
1.341341341341341309e+00 8.415604589893787440e-06
1.346346346346346312e+00 7.297608226691297682e-06
1.351351351351351315e+00 6.322926841260253747e-06
1.356356356356356319e+00 5.473912973506140895e-06
1.361361361361361322e+00 4.734994384723529129e-06
1.366366366366366325e+00 4.092442860356949030e-06
1.371371371371371328e+00 3.534167138842612271e-06
1.376376376376376331e+00 3.049527649556140246e-06
1.381381381381381335e+00 2.629170941505782116e-06
1.386386386386386338e+00 2.264881868770540355e-06
1.391391391391391341e+00 1.949451769492647479e-06
1.396396396396396344e+00 1.676561033201252025e-06
1.401401401401401348e+00 1.440674597075744964e-06
1.406406406406406351e+00 1.236949046150961602e-06
1.411411411411411354e+00 1.061150116108386753e-06
1.416416416416416357e+00 9.095795108572715030e-07
1.421421421421421361e+00 7.790100512390269920e-07
1.426426426426426364e+00 6.666282665156842901e-07
1.431431431431431367e+00 5.699836274351034085e-07
1.436436436436436370e+00 4.869436991817191292e-07
1.441441441441441373e+00 4.156545649766598307e-07
1.446446446446446377e+00 3.545059370115856054e-07
1.451451451451451380e+00 3.021004312870293039e-07
1.456456456456456383e+00 2.572265372499951229e-07
1.461461461461461386e+00 2.188348623325390631e-07
1.466466466466466390e+00 1.860172760006582101e-07
1.471471471471471393e+00 1.579886181230570956e-07
1.476476476476476396e+00 1.340706727278325529e-07
1.481481481481481399e+00 1.136781408731413338e-07
1.486486486486486402e+00 9.630637573249830291e-08
1.491491491491491406e+00 8.152066938072733002e-08
1.496496496496496409e+00 6.894690443499356930e-08
1.501501501501501412e+00 5.826340490824453103e-08
1.506506506506506415e+00 4.919383960143477336e-08
1.511511511511511419e+00 4.150104830928368230e-08
1.516516516516516422e+00 3.498167623747437989e-08
1.521521521521521425e+00 2.946151550638613091e-08
1.526526526526526428e+00 2.479146461134812323e-08
1.531531531531531432e+00 2.084402737153838937e-08
1.536536536536536435e+00 1.751028236510284474e-08
1.541541541541541438e+00 1.469726224063794425e-08
1.546546546546546441e+00 1.232568972720175604e-08
1.551551551551551444e+00 1.032802373829735809e-08
1.556556556556556448e+00 8.646774771867960211e-09
1.561561561561561451e+00 7.233053931429407276e-09
1.566566566566566454e+00 6.045324407990135951e-09
1.571571571571571457e+00 5.048328235868612202e-09
1.576576576576576461e+00 4.212164628545960214e-09
1.581581581581581464e+00 3.511499267711601917e-09
1.586586586586586467e+00 2.924886608421676746e-09
1.591591591591591470e+00 2.434189619405819013e-09
1.596596596596596473e+00 2.024083438983100886e-09
1.601601601601601477e+00 1.681631228527122007e-09
1.606606606606606702e+00 1.395922077889521909e-09
1.611611611611611705e+00 1.157762188174679130e-09
1.616616616616616708e+00 9.594117511812449736e-10
1.621621621621621712e+00 7.943609833638088090e-10
1.626626626626626715e+00 6.571396744998506887e-10
1.631631631631631718e+00 5.431553943440810062e-10
1.636636636636636721e+00 4.485561793922407208e-10
1.641641641641641725e+00 3.701141096727820673e-10
1.646646646646646728e+00 3.051266938715361901e-10
1.651651651651651731e+00 2.513334203025666249e-10
1.656656656656656734e+00 2.068452102559542668e-10
1.661661661661661737e+00 1.700848369610700268e-10
1.666666666666666741e+00 1.397366547074295147e-10
1.671671671671671744e+00 1.147042246044703082e-10
1.676676676676676747e+00 9.407463131352402752e-11
1.681681681681681750e+00 7.708846345508950544e-11
1.686686686686686754e+00 6.311458329451037238e-11
1.691691691691691757e+00 5.162894223196785242e-11
1.696696696696696760e+00 4.219681060398584183e-11
1.701701701701701763e+00 3.445788597866625350e-11
1.706706706706706766e+00 2.811382578078000809e-11
1.711711711711711770e+00 2.291781969433718455e-11
1.716716716716716773e+00 1.866587657069094524e-11
1.721721721721721776e+00 1.518955099810184083e-11
1.726726726726726779e+00 1.234987753937182135e-11
1.731731731731731783e+00 1.003231701686274210e-11
1.736736736736736786e+00 8.142550064902506012e-12
1.741741741741741789e+00 6.602979291438276159e-12
1.746746746746746792e+00 5.349823492067206578e-12
1.751751751751751796e+00 4.330706039009670419e-12
1.756756756756756799e+00 3.502655338053260718e-12
1.761761761761761802e+00 2.830448546783603802e-12
1.766766766766766805e+00 2.285240952445178412e-12
1.771771771771771808e+00 1.843432837569475875e-12
1.776776776776776812e+00 1.485733588872248836e-12
1.781781781781781815e+00 1.196389462153328936e-12
1.786786786786786818e+00 9.625470006051436651e-13
1.791791791791791821e+00 7.737287838883750386e-13
1.796796796796796825e+00 6.214021029796433638e-13
1.801801801801801828e+00 4.986244318465921858e-13
1.806806806806806831e+00 3.997523036413107547e-13
1.811811811811811834e+00 3.202024827347859252e-13
1.816816816816816837e+00 2.562562275245261009e-13
1.821821821821821841e+00 2.048990241066834176e-13
1.826826826826826844e+00 1.636894895014826560e-13
1.831831831831831847e+00 1.306522388312724829e-13
1.836836836836836850e+00 1.041904203961911356e-13
1.841841841841841854e+00 8.301437681394777904e-14
1.846846846846846857e+00 6.608351515871952010e-14
1.851851851851851860e+00 5.255898602877395875e-14
1.856856856856856863e+00 4.176519883839373536e-14
1.861861861861861867e+00 3.315855353734071137e-14
1.866866866866866870e+00 2.630206007998252560e-14
1.871871871871871873e+00 2.084475686488888785e-14
1.876876876876876876e+00 1.650503685063566358e-14
1.881881881881881879e+00 1.305715245484684337e-14
1.886886886886886883e+00 1.032030375527623878e-14
1.891891891891891886e+00 8.149823995314655748e-15
1.896896896896896889e+00 6.430066150341833823e-15
1.901901901901901892e+00 5.068667815097003053e-15
1.906906906906906896e+00 3.991931805692882402e-15
1.911911911911911899e+00 3.141109014291526442e-15
1.916916916916916902e+00 2.469410176527534475e-15
1.921921921921921905e+00 1.939605934141518884e-15
1.926926926926926908e+00 1.522101235168754700e-15
1.931931931931931912e+00 1.193391812265487746e-15
1.936936936936936915e+00 9.348281215711657749e-16
1.941941941941941918e+00 7.316264534831542559e-16
1.946946946946946921e+00 5.720785529938394335e-16
1.951951951951951925e+00 4.469205108963759212e-16
1.956956956956956928e+00 3.488293176487824848e-16
1.961961961961961931e+00 2.720216438718292923e-16
1.966966966966966934e+00 2.119343989222824848e-16
1.971971971971971938e+00 1.649706450007230687e-16
1.976976976976976941e+00 1.282976908327415455e-16
1.981981981981981944e+00 9.968680432143026265e-17
1.986986986986986947e+00 7.738608827746262999e-17
1.991991991991991950e+00 6.001975536161076416e-17
1.996996996996996954e+00 4.650839724835212806e-17
2.002002002002002179e+00 3.600593321937251842e-17
2.007007007007007182e+00 2.784979714979580604e-17
2.012012012012012185e+00 2.152162141533138864e-17
2.017017017017017189e+00 1.661623577873559748e-17
2.022022022022022192e+00 1.281724638364386340e-17
2.027027027027027195e+00 9.877816831880463844e-18
2.032032032032032198e+00 7.605557863544554972e-18
2.037037037037037202e+00 5.850658816500256816e-18
2.042042042042042205e+00 4.496574405265405527e-18
2.047047047047047208e+00 3.452723737760157925e-18
2.052052052052052211e+00 2.648772349814534692e-18
2.057057057057057214e+00 2.030158366234502229e-18
2.062062062062062218e+00 1.554595484227418644e-18
2.067067067067067221e+00 1.189342150967291624e-18
2.072072072072072224e+00 9.090711322175236542e-19
2.077077077077077227e+00 6.942090851110377328e-19
2.082082082082082231e+00 5.296437019174644839e-19
2.087087087087087234e+00 4.037180328439243471e-19
2.092092092092092237e+00 3.074489574978664102e-19
2.097097097097097240e+00 2.339204362252970760e-19
2.102102102102102243e+00 1.778129117122310136e-19
2.107107107107107247e+00 1.350386645626359989e-19
2.112112112112112250e+00 1.024595424071446395e-19
2.117117117117117253e+00 7.766866686636122387e-20
2.122122122122122256e+00 5.882178181564765628e-20
2.127127127127127260e+00 4.450708102970582232e-20
2.132132132132132263e+00 3.364483363429460424e-20
2.137137137137137266e+00 2.541006172732618923e-20
2.142142142142142269e+00 1.917303401093705770e-20
2.147147147147147273e+00 1.445351504533550140e-20
2.152152152152152276e+00 1.088562463936834736e-20
2.157157157157157279e+00 8.190873085948301670e-21
2.162162162162162282e+00 6.157490229128556822e-21
2.167167167167167285e+00 4.624594787113688608e-21
2.172172172172172289e+00 3.470082383966960654e-21
2.177177177177177292e+00 2.601367795275586734e-21
2.182182182182182295e+00 1.948315717881263152e-21
2.187187187187187298e+00 1.457847973613052729e-21
2.192192192192192302e+00 1.089833610136439235e-21
2.197197197197197305e+00 8.139597721460297185e-22
2.202202202202202308e+00 6.073516260737601628e-22
2.207207207207207311e+00 4.527638006559608355e-22
2.212212212212212314e+00 3.372074532422253528e-22
2.217217217217217318e+00 2.509090536814600896e-22
2.222222222222222321e+00 1.865215122319916546e-22
2.227227227227227324e+00 1.385270802853534512e-22
2.232232232232232327e+00 1.027858474175133589e-22
2.237237237237237331e+00 7.619466741681745585e-23
2.242242242242242334e+00 5.642975720914094650e-23
2.247247247247247337e+00 4.175263250461463753e-23
2.252252252252252340e+00 3.086393900327513133e-23
2.257257257257257343e+00 2.279346652690897582e-23
2.262262262262262347e+00 1.681747057764812146e-23
2.267267267267267350e+00 1.239658247670993149e-23
2.272272272272272353e+00 9.129226954267107853e-24
2.277277277277277356e+00 6.716708445995229280e-24
2.282282282282282360e+00 4.937068875654502401e-24
2.287287287287287363e+00 3.625532498182681091e-24
2.292292292292292366e+00 2.659892461524834345e-24
2.297297297297297369e+00 1.949601037392816783e-24
2.302302302302302373e+00 1.427632877918193669e-24
2.307307307307307376e+00 1.044422436777868342e-24
2.312312312312312379e+00 7.633512765650848244e-25
2.317317317317317382e+00 5.573923503952203081e-25
2.322322322322322385e+00 4.066170924725897114e-25
2.327327327327327389e+00 2.963453037687333155e-25
2.332332332332332392e+00 2.157734444563339163e-25
2.337337337337337395e+00 1.569586303235995003e-25
2.342342342342342398e+00 1.140668376293848248e-25
2.347347347347347402e+00 8.281715985703833512e-26
2.352352352352352405e+00 6.007139661112524688e-26
2.357357357357357408e+00 4.353126881619223662e-26
2.362362362362362411e+00 3.151525739158413190e-26
2.367367367367367414e+00 2.279428965116493388e-26
2.372372372372372418e+00 1.647087511514318377e-26
2.377377377377377421e+00 1.189028952392428950e-26
2.382382382382382424e+00 8.575373899530270045e-27
2.387387387387387427e+00 6.178717187079598042e-27
2.392392392392392431e+00 4.447622541603582361e-27
2.397397397397397434e+00 3.198465118867092505e-27
2.402402402402402437e+00 2.297942423351492999e-27
2.407407407407407440e+00 1.649378132703073530e-27
2.412412412412412444e+00 1.182727310146170010e-27
2.417417417417417447e+00 8.472899576668794125e-28
2.422422422422422450e+00 6.064043002279083681e-28
2.427427427427427453e+00 4.335857530808375350e-28
2.432432432432432456e+00 3.097205282343271281e-28
2.437437437437437460e+00 2.210278374153407299e-28
2.442442442442442463e+00 1.575816676665994039e-28
2.447447447447447466e+00 1.122395415148774349e-28
2.452452452452452469e+00 7.986698486350718223e-29
2.457457457457457473e+00 5.677663479767931806e-29
2.462462462462462476e+00 4.032298739166494488e-29
2.467467467467467479e+00 2.860988985461735647e-29
2.472472472472472482e+00 2.027962153716000459e-29
2.477477477477477485e+00 1.436095828931019185e-29
2.482482482482482489e+00 1.015983492621003597e-29
2.487487487487487492e+00 7.180741284183266164e-30
2.492492492492492495e+00 5.070269527374334074e-30
2.497497497497497498e+00 3.576610878336557303e-30
2.502502502502502502e+00 2.520524725073869424e-30
2.507507507507507505e+00 1.774551448379348558e-30
2.512512512512512508e+00 1.248142969177354002e-30
2.517517517517517511e+00 8.770370158253680698e-31
2.522522522522522515e+00 6.156715763086949117e-31
2.527527527527527518e+00 4.317751259387429498e-31
2.532532532532532521e+00 3.025124223671120176e-31
2.537537537537537524e+00 2.117413260530160441e-31
2.542542542542542527e+00 1.480623401766816821e-31
2.547547547547547531e+00 1.034331852930103404e-31
2.552552552552552534e+00 7.218571170987223283e-32
2.557557557557557537e+00 5.032900957794556877e-32
2.562562562562562540e+00 3.505589567508884961e-32
2.567567567567567544e+00 2.439377641092418167e-32
2.572572572572572547e+00 1.695789891998920680e-32
2.577577577577577550e+00 1.177713961025289371e-32
2.582582582582582553e+00 8.171130143303273762e-33
2.587587587587587556e+00 5.663679912792917925e-33
2.592592592592592560e+00 3.921834738399500294e-33
2.597597597597597563e+00 2.713024016789793671e-33
2.602602602602602566e+00 1.874957790207575043e-33
2.607607607607607569e+00 1.294501643665061888e-33
2.612612612612612573e+00 8.928668898533248722e-34
2.617617617617617576e+00 6.152386048595648102e-34
2.622622622622622579e+00 4.235190351092503192e-34
2.627627627627627582e+00 2.912557670688592542e-34
2.632632632632632586e+00 2.001004766995934390e-34
2.637637637637637589e+00 1.373388643578272513e-34
2.642642642642642592e+00 9.416950069496436222e-35
2.647647647647647595e+00 6.450573365676340207e-35
2.652652652652652598e+00 4.414254359867852889e-35
2.657657657657657602e+00 3.017776854897424856e-35
2.662662662662662605e+00 2.061044526687475854e-35
2.667667667667667608e+00 1.406234851120535419e-35
2.672672672672672611e+00 9.585136915881442559e-36
2.677677677677677615e+00 6.526923396727819018e-36
2.682682682682682618e+00 4.440053380763086143e-36
2.687687687687687621e+00 3.017429268406638850e-36
2.692692692692692624e+00 2.048589712339900041e-36
2.697697697697697627e+00 1.389445794816440702e-36
2.702702702702702631e+00 9.414488154129252526e-37
2.707707707707707634e+00 6.372649789841427159e-37
2.712712712712712637e+00 4.309346119627260467e-37
2.717717717717717640e+00 2.911189254978613967e-37
2.722722722722722644e+00 1.964703374817795005e-37
2.727727727727727647e+00 1.324618401357178661e-37
2.732732732732732650e+00 8.921781237281687769e-38
2.737737737737737653e+00 6.003148715694876353e-38
2.742742742742742657e+00 4.035274964584052211e-38
2.747747747747747660e+00 2.709776145197014686e-38
2.752752752752752663e+00 1.817856938432465475e-38
2.757757757757757666e+00 1.218292994841638801e-38
2.762762762762762669e+00 8.156602600054266185e-39
2.767767767767767673e+00 5.455469413151781060e-39
2.772772772772772676e+00 3.645188288222851908e-39
2.777777777777777679e+00 2.433170715375428490e-39
2.782782782782782682e+00 1.622518746829959515e-39
2.787787787787787686e+00 1.080864240007579041e-39
2.792792792792792689e+00 7.193108501944824578e-40
2.797797797797797692e+00 4.782179425188483170e-40
2.802802802802802695e+00 3.176132924544676416e-40
2.807807807807807698e+00 2.107340804326491434e-40
2.812812812812812702e+00 1.396799086275915269e-40
2.817817817817817705e+00 9.249024358219823340e-41
2.822822822822822708e+00 6.118155000832458541e-41
2.827827827827827711e+00 4.043033644747092865e-41
2.832832832832832715e+00 2.669047603415518553e-41
2.837837837837837718e+00 1.760220704448971260e-41
2.842842842842842721e+00 1.159683634949455068e-41
2.847847847847847724e+00 7.632613788598924320e-42
2.852852852852852727e+00 5.018433336128049287e-42
2.857857857857857731e+00 3.296278531206647792e-42
2.862862862862862734e+00 2.162919085307748130e-42
2.867867867867867737e+00 1.417806719543503370e-42
2.872872872872872740e+00 9.284401920240281142e-43
2.877877877877877744e+00 6.073663662488268735e-43
2.882882882882882747e+00 3.969238604849586174e-43
2.887887887887887750e+00 2.591332225367373973e-43
2.892892892892892753e+00 1.690044598965017972e-43
2.897897897897897757e+00 1.101113721866271139e-43
2.902902902902902760e+00 7.166793372528431724e-44
2.907907907907907763e+00 4.659894143977102288e-44
2.912912912912912766e+00 3.026811937748453693e-44
2.917917917917917769e+00 1.964051197716448263e-44
2.922922922922922773e+00 1.273145123037287549e-44
2.927927927927927776e+00 8.244427770457739801e-45
2.932932932932932779e+00 5.333353690539950436e-45
2.937937937937937782e+00 3.446650732098144275e-45
2.942942942942942786e+00 2.225107259035694570e-45
2.947947947947947789e+00 1.435030627234198783e-45
2.952952952952952792e+00 9.245442387553815254e-46
2.957957957957957795e+00 5.950456601007139299e-46
2.962962962962962798e+00 3.825856869572867319e-46
2.967967967967967802e+00 2.457325787254554160e-46
2.972972972972972805e+00 1.576711058998702585e-46
2.977977977977977808e+00 1.010640290479886451e-46
2.982982982982982811e+00 6.471366311188182774e-47
2.987987987987987815e+00 4.139520181124300530e-47
2.992992992992992818e+00 2.645199505348026536e-47
2.997997997997997821e+00 1.688577636146651559e-47
3.003003003003002824e+00 1.076806252996386886e-47
3.008008008008007828e+00 6.859742349616763358e-48
3.013013013013012831e+00 4.365474973534193659e-48
3.018018018018017834e+00 2.775290376255896302e-48
3.023023023023022837e+00 1.762537432348462543e-48
3.028028028028027840e+00 1.118203960598139128e-48
3.033033033033032844e+00 7.086898709552097165e-49
3.038038038038037847e+00 4.486872334807004576e-49
3.043043043043042850e+00 2.837809595962501662e-49
3.048048048048047853e+00 1.792976559631613327e-49
3.053053053053052857e+00 1.131664142966513228e-49
3.058058058058057860e+00 7.135293624743662333e-50
3.063063063063062863e+00 4.494250344775375110e-50
3.068068068068067866e+00 2.827831673853447094e-50
3.073073073073072869e+00 1.777462711622753559e-50
3.078078078078077873e+00 1.116086511544714584e-50
3.083083083083082876e+00 7.000763460583614604e-51
3.088088088088087879e+00 4.386750151261528416e-51
3.093093093093092882e+00 2.745934122001353774e-51
3.098098098098097886e+00 1.717065309190268126e-51
3.103103103103102889e+00 1.072587590914166612e-51
3.108108108108107892e+00 6.693106635904541709e-52
3.113113113113112895e+00 4.172261407167175068e-52
3.118118118118117899e+00 2.598147696993329722e-52
3.123123123123122902e+00 1.616234928917419312e-52
3.128128128128127905e+00 1.004368854485439294e-52
3.133133133133132908e+00 6.234905142537087059e-53
3.138138138138137911e+00 3.866465138331593718e-53
3.143143143143142915e+00 2.395221883364641219e-53
3.148148148148147918e+00 1.482260639842478154e-53
3.153153153153152921e+00 9.163267087134231935e-54
3.158158158158157924e+00 5.658780231566424662e-54
3.163163163163162928e+00 3.490935250059438943e-54
3.168168168168167931e+00 2.151329901156397625e-54
3.173173173173172934e+00 1.324397212504007826e-54
3.178178178178177937e+00 8.144703858201880674e-55
3.183183183183182940e+00 5.003546086894626605e-55
3.188188188188187944e+00 3.070618402740101626e-55
3.193193193193192947e+00 1.882430285877216775e-55
3.198198198198197950e+00 1.152807611181986389e-55
3.203203203203202953e+00 7.052440345312021273e-56
3.208208208208208401e+00 4.309892439482563876e-56
3.213213213213213404e+00 2.631101721873231949e-56
3.218218218218218407e+00 1.604548374101284801e-56
3.223223223223223410e+00 9.774886700559447724e-57
3.228228228228228414e+00 5.948591742949690525e-57
3.233233233233233417e+00 3.616261958428784734e-57
3.238238238238238420e+00 2.196082554613959362e-57
3.243243243243243423e+00 1.332233268937016215e-57
3.248248248248248427e+00 8.073363274952813369e-58
3.253253253253253430e+00 4.887323600526095192e-58
3.258258258258258433e+00 2.955492428997561009e-58
3.263263263263263436e+00 1.785379466173953668e-58
3.268268268268268439e+00 1.077389957647070707e-58
3.273273273273273443e+00 6.494665502549847332e-59
3.278278278278278446e+00 3.910946776677328428e-59
3.283283283283283449e+00 2.352599770382064470e-59
3.288288288288288452e+00 1.413692640014611523e-59
3.293293293293293456e+00 8.485990104963860544e-60
3.298298298298298459e+00 5.088507252718037433e-60
3.303303303303303462e+00 3.048024145888654294e-60
3.308308308308308465e+00 1.823838220101566667e-60
3.313313313313313468e+00 1.090169185130151790e-60
3.318318318318318472e+00 6.509399825105747933e-61
3.323323323323323475e+00 3.882640912002969310e-61
3.328328328328328478e+00 2.313409497537143315e-61
3.333333333333333481e+00 1.376944982687205474e-61
3.338338338338338485e+00 8.186895075337538892e-62
3.343343343343343488e+00 4.862506567389299291e-62
3.348348348348348491e+00 2.884956668942906016e-62
3.353353353353353494e+00 1.709843189835560739e-62
3.358358358358358497e+00 1.012303978437108914e-62
3.363363363363363501e+00 5.986914480334314836e-63
3.368368368368368504e+00 3.536978285805564790e-63
3.373373373373373507e+00 2.087366643399860976e-63
3.378378378378378510e+00 1.230557379845440515e-63
3.383383383383383514e+00 7.246721361177866184e-64
3.388388388388388517e+00 4.263022241999379076e-64
3.393393393393393520e+00 2.505127043235963680e-64
3.398398398398398523e+00 1.470543284214050055e-64
3.403403403403403527e+00 8.623062789063636728e-65
3.408408408408408530e+00 5.051039254578771345e-65
3.413413413413413533e+00 2.955528676488635762e-65
3.418418418418418536e+00 1.727526148672494233e-65
3.423423423423423539e+00 1.008669480545869619e-65
3.428428428428428543e+00 5.883120040397317245e-66
3.433433433433433546e+00 3.427684955758857684e-66
3.438438438438438549e+00 1.994932595597981208e-66
3.443443443443443552e+00 1.159817012556023827e-66
3.448448448448448556e+00 6.735726188698691607e-67
3.453453453453453559e+00 3.907624794412555758e-67
3.458458458458458562e+00 2.264511613735980685e-67
3.463463463463463565e+00 1.310899184239878972e-67
3.468468468468468568e+00 7.580482698080347438e-68
3.473473473473473572e+00 4.378819435472935939e-68
3.478478478478478575e+00 2.526676283062285485e-68
3.483483483483483578e+00 1.456378782899009725e-68
3.488488488488488581e+00 8.385540058371965650e-69
3.493493493493493585e+00 4.823024523334198299e-69
3.498498498498498588e+00 2.771018483662561562e-69
3.503503503503503591e+00 1.590342548724097989e-69
3.508508508508508594e+00 9.117442233201915469e-70
3.513513513513513598e+00 5.221391186919179699e-70
3.518518518518518601e+00 2.986964741007537698e-70
3.523523523523523604e+00 1.706885530534081198e-70
3.528528528528528607e+00 9.743363781107742315e-71
3.533533533533533610e+00 5.555759568131659028e-71
3.538538538538538614e+00 3.164519354396189604e-71
3.543543543543543617e+00 1.800535307250771774e-71
3.548548548548548620e+00 1.023351627936036700e-71
3.553553553553553623e+00 5.810015207087093307e-72
3.558558558558558627e+00 3.295023981797400749e-72
3.563563563563563630e+00 1.866674530473516749e-72
3.568568568568568633e+00 1.056348257776040314e-72
3.573573573573573636e+00 5.971369157925739737e-73
3.578578578578578639e+00 3.371854206998184701e-73
3.583583583583583643e+00 1.901916774004145689e-73
3.588588588588588646e+00 1.071622609525180829e-73
3.593593593593593649e+00 6.031421113229776732e-74
3.598598598598598652e+00 3.390975459604093065e-74
3.603603603603603656e+00 1.904393273975644575e-74
3.608608608608608659e+00 1.068354576734542787e-74
3.613613613613613662e+00 5.986882865110027385e-75
3.618618618618618665e+00 3.351293504197763345e-75
3.623623623623623669e+00 1.873916834012613380e-75
3.628628628628628672e+00 1.046680400705759538e-75
3.633633633633633675e+00 5.839875522626286642e-76
3.638638638638638678e+00 3.254757187605027112e-76
3.643643643643643681e+00 1.812002920576603250e-76
3.648648648648648685e+00 1.007683793346868388e-76
3.653653653653653688e+00 5.597763219541485267e-77
3.658658658658658691e+00 3.106200124541419532e-77
3.663663663663663694e+00 1.721744830850777030e-77
3.668668668668668698e+00 9.533061127592936029e-78
3.673673673673673701e+00 5.272541315027841505e-78
3.678678678678678704e+00 2.912939185284445455e-78
3.683683683683683707e+00 1.607557239567802696e-78
3.688688688688688710e+00 8.861859580715151674e-79
3.693693693693693714e+00 4.879849891476870801e-79
3.698698698698698717e+00 2.684176262039019641e-79
3.703703703703703720e+00 1.474817760561871882e-79
3.708708708708708723e+00 8.094466608503895572e-80
3.713713713713713727e+00 4.437725672624214634e-80
3.718718718718718730e+00 2.430271519040466112e-80
3.723723723723723733e+00 1.329447104387908402e-80
3.728728728728728736e+00 7.264555361636254371e-81
3.733733733733733740e+00 3.965231193412393823e-81
3.738738738738738743e+00 2.161968101529890970e-81
3.743743743743743746e+00 1.177473475037630697e-81
3.748748748748748749e+00 6.405807108177663938e-82
3.753753753753753752e+00 3.481105991228454200e-82
3.758758758758758756e+00 1.889648786876794353e-82
3.763763763763763759e+00 1.024625565105900555e-82
3.768768768768768762e+00 5.549697638635621442e-83
3.773773773773773765e+00 3.002571023389324015e-83
3.778778778778778769e+00 1.622694932922701238e-83
3.783783783783783772e+00 8.759914905715100896e-84
3.788788788788788775e+00 4.723697778619805048e-84
3.793793793793793778e+00 2.544387899859616155e-84
3.798798798798798781e+00 1.368999639190388471e-84
3.803803803803803785e+00 7.357697575156975951e-85
3.808808808808808788e+00 3.950016525371960494e-85
3.813813813813813791e+00 2.118234638893747724e-85
3.818818818818818794e+00 1.134663763951551156e-85
3.823823823823823798e+00 6.071249296707750955e-86
3.828828828828828801e+00 3.244938729042596333e-86
3.833833833833833804e+00 1.732416389114827564e-86
3.838838838838838807e+00 9.238792401073691553e-87
3.843843843843843811e+00 4.921472578056947819e-87
3.848848848848848814e+00 2.618735655269168961e-87
3.853853853853853817e+00 1.391889562822014508e-87
3.858858858858858820e+00 7.389826038797024137e-88
3.863863863863863823e+00 3.919040632315761375e-88
3.868868868868868827e+00 2.076066339816833149e-88
3.873873873873873830e+00 1.098546368223674300e-88
3.878878878878878833e+00 5.806454914231087602e-89
3.883883883883883836e+00 3.065624930039471636e-89
3.888888888888888840e+00 1.616747027404747409e-89
3.893893893893893843e+00 8.516869833938006459e-90
3.898898898898898846e+00 4.481595250347464551e-90
3.903903903903903849e+00 2.355590159018765874e-90
3.908908908908908852e+00 1.236747685544676184e-90
3.913913913913913856e+00 6.485994149276903735e-91
3.918918918918918859e+00 3.397706544158903403e-91
3.923923923923923862e+00 1.777906203159813427e-91
3.928928928928928865e+00 9.292772069621903493e-92
3.933933933933933869e+00 4.851711665945988754e-92
3.938938938938938872e+00 2.530216809253642802e-92
3.943943943943943875e+00 1.318054422765006052e-92
3.948948948948948878e+00 6.858380864274625700e-93
3.953953953953953881e+00 3.564694392066835019e-93
3.958958958958958885e+00 1.850696707097205570e-93
3.963963963963963888e+00 9.597546940100513482e-94
3.968968968968968891e+00 4.971610296771304297e-94
3.973973973973973894e+00 2.572441766902612130e-94
3.978978978978978898e+00 1.329552416273274819e-94
3.983983983983983901e+00 6.863989512856161815e-95
3.988988988988988904e+00 3.539637552600712185e-95
3.993993993993993907e+00 1.823273460208051026e-95
3.998998998998998911e+00 9.381136592668649866e-96
4.004004004004004358e+00 4.821359777023555385e-96
4.009009009009009361e+00 2.475106281266174270e-96
4.014014014014014364e+00 1.269194538560228338e-96
4.019019019019019368e+00 6.500883254630634826e-97
4.024024024024024371e+00 3.326030050612353742e-97
4.029029029029029374e+00 1.699767025959850876e-97
4.034034034034034377e+00 8.676845425705353636e-98
4.039039039039039380e+00 4.424287605556670364e-98
4.044044044044044384e+00 2.253376034065626530e-98
4.049049049049049387e+00 1.146390613087877073e-98
4.054054054054054390e+00 5.825591156920584669e-99
4.059059059059059393e+00 2.957029212052455905e-99
4.064064064064064397e+00 1.499267959051763455e-99
4.069069069069069400e+00 7.592953460859999345e-100
4.074074074074074403e+00 3.841049028662169037e-100
4.079079079079079406e+00 1.940869785552975634e-100
4.084084084084084409e+00 9.796031770258915044e-101
4.089089089089089413e+00 4.938681391587687569e-101
4.094094094094094416e+00 2.487016545706898291e-101
4.099099099099099419e+00 1.250987534152519537e-101
4.104104104104104422e+00 6.285411762842371660e-102
4.109109109109109426e+00 3.154428823706297313e-102
4.114114114114114429e+00 1.581298211936589050e-102
4.119119119119119432e+00 7.917948607547299128e-103
4.124124124124124435e+00 3.960201019512454865e-103
4.129129129129129439e+00 1.978459846616446267e-103
4.134134134134134442e+00 9.872849333603353699e-104
4.139139139139139445e+00 4.921107372057487885e-104
4.144144144144144448e+00 2.450123851078180743e-104
4.149149149149149451e+00 1.218478594670092475e-104
4.154154154154154455e+00 6.052743122303355428e-105
4.159159159159159458e+00 3.003245656504453190e-105
4.164164164164164461e+00 1.488447606976875465e-105
4.169169169169169464e+00 7.368517688404964858e-106
4.174174174174174468e+00 3.643597507361112296e-106
4.179179179179179471e+00 1.799633852701712708e-106
4.184184184184184474e+00 8.878532891111399242e-107
4.189189189189189477e+00 4.375234776260819187e-107
4.194194194194194480e+00 2.153596922431141034e-107
4.199199199199199484e+00 1.058839639155507418e-107
4.204204204204204487e+00 5.199941712130235768e-108
4.209209209209209490e+00 2.550756954282499028e-108
4.214214214214214493e+00 1.249803705815128875e-108
4.219219219219219497e+00 6.116689947947500171e-109
4.224224224224224500e+00 2.990149215703917178e-109
4.229229229229229503e+00 1.460060314296576097e-109
4.234234234234234506e+00 7.121149097254097586e-110
4.239239239239239510e+00 3.469209392760571915e-110
4.244244244244244513e+00 1.688153396470071386e-110
4.249249249249249516e+00 8.205292454022819181e-111
4.254254254254254519e+00 3.983609814739986725e-111
4.259259259259259522e+00 1.931789938847379823e-111
4.264264264264264526e+00 9.357141344416420127e-112
4.269269269269269529e+00 4.527166529898102912e-112
4.274274274274274532e+00 2.187809721143422111e-112
4.279279279279279535e+00 1.056068841882511459e-112
4.284284284284284539e+00 5.091835004784790881e-113
4.289289289289289542e+00 2.452198563731608622e-113
4.294294294294294545e+00 1.179603278169102964e-113
4.299299299299299548e+00 5.667808146385422480e-114
4.304304304304304551e+00 2.720150618407816876e-114
4.309309309309309555e+00 1.303974839907934040e-114
4.314314314314314558e+00 6.243724442059248695e-115
4.319319319319319561e+00 2.986182240615890258e-115
4.324324324324324564e+00 1.426549222256219381e-115
4.329329329329329568e+00 6.806986592614810259e-116
4.334334334334334571e+00 3.244296352716926973e-116
4.339339339339339574e+00 1.544484091062906282e-116
4.344344344344344577e+00 7.344182605164871882e-117
4.349349349349349581e+00 3.488192221061056323e-117
4.354354354354354584e+00 1.654832631489459727e-117
4.359359359359359587e+00 7.841592617412047723e-118
4.364364364364364590e+00 3.711511572137757598e-118
4.369369369369369593e+00 1.754662172387192969e-118
4.374374374374374597e+00 8.285756560545791266e-119
4.379379379379379600e+00 3.908108353498901142e-119
4.384384384384384603e+00 1.841181504749226681e-119
4.389389389389389606e+00 8.664070980893967776e-120
4.394394394394394610e+00 4.072326591275475574e-120
4.399399399399399613e+00 1.911869343232156269e-120
4.404404404404404616e+00 8.965378710278443801e-121
4.409409409409409619e+00 4.199269049048734034e-121
4.414414414414414622e+00 1.964595768519476549e-121
4.419419419419419626e+00 9.180513215948044304e-122
4.424424424424424629e+00 4.285039002864074030e-122
4.429429429429429632e+00 1.997728533239074548e-122
4.434434434434434635e+00 9.302760736673566419e-123
4.439439439439439639e+00 4.326938537474329689e-123
4.444444444444444642e+00 2.010216850111267977e-123
4.449449449449449645e+00 9.328207775878346819e-124
4.454454454454454648e+00 4.323609313096479719e-124
4.459459459459459651e+00 2.001646671638321590e-124
4.464464464464464655e+00 9.255948895439561146e-125
4.469469469469469658e+00 4.275105569175141039e-125
4.474474474474474661e+00 1.972263409133228055e-125
4.479479479479479664e+00 9.088139437998594436e-126
4.484484484484484668e+00 4.182893900794825159e-126
4.489489489489489671e+00 1.922960357480546075e-126
4.494494494494494674e+00 8.829888944916673192e-127
4.499499499499499677e+00 4.049779635710534078e-127
4.504504504504504681e+00 1.855233579613997278e-127
4.509509509509509684e+00 8.489002607625637857e-128
4.514514514514514687e+00 3.879764965752417827e-128
4.519519519519519690e+00 1.771106430156622104e-128
4.524524524524524693e+00 8.075589014953809975e-129
4.529529529529529697e+00 3.677848850208562229e-129
4.534534534534534700e+00 1.673029036005199016e-129
4.539539539539539703e+00 7.601561730244466854e-130
4.544544544544544706e+00 3.449782665566158981e-130
4.549549549549549710e+00 1.563759709457655656e-130
4.554554554554554713e+00 7.080069024151537827e-131
4.559559559559559716e+00 3.201798280825973433e-131
4.564564564564564719e+00 1.446236306288390974e-131
4.569569569569569722e+00 6.524889848672201983e-132
4.574574574574574726e+00 2.940326482276336662e-132
4.579579579579579729e+00 1.323445883949720867e-132
4.584584584584584732e+00 5.949834638596659253e-133
4.589589589589589735e+00 2.671723403833315733e-133
4.594594594594594739e+00 1.198300664011759585e-133
4.599599599599599742e+00 5.368186881201374868e-134
4.604604604604604745e+00 2.402020941778535158e-134
4.609609609609609748e+00 1.073527328300771412e-134
4.614614614614614752e+00 4.792216027713843980e-135
4.619619619619619755e+00 2.136714284917735412e-135
4.624624624624624758e+00 9.515752085952286455e-136
4.629629629629629761e+00 4.232784901076138734e-136
4.634634634634634764e+00 1.880596013170866572e-136
4.639639639639639768e+00 8.345471344203991969e-137
4.644644644644644771e+00 3.699066110216088658e-137
4.649649649649649774e+00 1.637642106585450095e-137
4.654654654654654777e+00 7.241547706341593890e-138
4.659659659659659781e+00 3.198372991223060568e-138
4.664664664664664784e+00 1.410951068862116425e-138
4.669669669669669787e+00 6.216983912299919328e-139
4.674674674674674790e+00 2.736102093617032087e-139
4.679679679679679793e+00 1.202733574772479449e-139
4.684684684684684797e+00 5.280693602752569944e-140
4.689689689689689800e+00 2.315776915689307970e-140
4.694694694694694803e+00 1.014346896933834644e-140
4.699699699699699806e+00 4.437722492643911420e-141
4.704704704704704810e+00 1.939176972884600454e-141
4.709709709709709813e+00 8.463660551855600316e-142
4.714714714714714816e+00 3.689625893289826260e-142
4.719719719719719819e+00 1.606532637514710445e-142
4.724724724724724823e+00 6.986822554699597926e-143
4.729729729729729826e+00 3.034957639750426660e-143
4.734734734734734829e+00 1.316764568801932413e-143
4.739739739739739832e+00 5.706187355909349773e-144
4.744744744744744835e+00 2.469824744770608435e-144
4.749749749749749839e+00 1.067746808447330982e-144
4.754754754754754842e+00 4.610545153425834180e-145
4.759759759759759845e+00 1.988464992594160965e-145
4.764764764764764848e+00 8.565744396123729467e-146
4.769769769769769852e+00 3.685475960649929001e-146
4.774774774774774855e+00 1.583810379630318147e-146
4.779779779779779858e+00 6.798196858919937566e-147
4.784784784784784861e+00 2.914506696433646536e-147
4.789789789789789864e+00 1.248006845525940649e-147
4.794794794794794868e+00 5.337640089425102732e-148
4.799799799799799871e+00 2.280141685269998412e-148
4.804804804804804874e+00 9.728691484629317527e-149
4.809809809809809877e+00 4.145977085960577781e-149
4.814814814814814881e+00 1.764733188382244531e-149
4.819819819819819884e+00 7.502581454353437999e-150
4.824824824824824887e+00 3.185823531053659637e-150
4.829829829829829890e+00 1.351175816503653331e-150
4.834834834834834894e+00 5.723754310323798927e-151
4.839839839839839897e+00 2.421747703906821314e-151
4.844844844844844900e+00 1.023423591243824170e-151
4.849849849849849903e+00 4.319767634285511756e-152
4.854854854854854906e+00 1.821141139166178737e-152
4.859859859859859910e+00 7.668402531160332034e-153
4.864864864864864913e+00 3.225106778142253548e-153
4.869869869869869916e+00 1.354755787891260175e-153
4.874874874874874919e+00 5.684018397044614782e-154
4.879879879879879923e+00 2.381920703056820802e-154
4.884884884884884926e+00 9.969567312417080902e-155
4.889889889889889929e+00 4.167756420836138074e-155
4.894894894894894932e+00 1.740224101563809557e-155
4.899899899899899935e+00 7.257460522295339153e-156
4.904904904904904939e+00 3.023017493798717535e-156
4.909909909909909942e+00 1.257688055954105530e-156
4.914914914914914945e+00 5.226143532026327646e-157
4.919919919919919948e+00 2.169030569942576379e-157
4.924924924924924952e+00 8.991368121891633427e-158
4.929929929929929955e+00 3.722729438832306844e-158
4.934934934934934958e+00 1.539474786941568086e-158
4.939939939939939961e+00 6.358562181763055492e-159
4.944944944944944965e+00 2.623133074397264346e-159
4.949949949949949968e+00 1.080828047179219414e-159
4.954954954954954971e+00 4.448028835432450474e-160
4.959959959959959974e+00 1.828323793250564487e-160
4.964964964964964977e+00 7.506076406744897083e-161
4.969969969969969981e+00 3.077847001142906990e-161
4.974974974974974984e+00 1.260535480686641795e-161
4.979979979979979987e+00 5.156285382679102429e-162
4.984984984984984990e+00 2.106650382319019255e-162
4.989989989989989994e+00 8.596495892418420822e-163
4.994994994994994997e+00 3.503674488873985631e-163
5.000000000000000000e+00 1.426261515461258809e-163
