# hist
0.000000000000 0.051715642487
0.050000000000 0.030772253891
0.100000000000 0.184327714206
0.150000000000 0.270777336093
0.200000000000 0.634176445911
0.250000000000 0.529661094367
0.300000000000 1.267558935329
0.350000000000 1.431067121674
0.400000000000 0.962092906527
0.450000000000 0.926079451295
0.500000000000 1.472520561344
0.550000000000 0.699487478696
0.600000000000 0.813727096823
0.650000000000 1.554575338477
0.700000000000 1.497273719115
0.750000000000 1.142350258873
0.800000000000 1.006842802435
0.850000000000 0.938496488875
0.900000000000 0.552816553541
0.950000000000 0.826607217258
1.000000000000 0.656276724738
1.050000000000 0.314919485791
1.100000000000 0.352538010823
1.150000000000 0.322615508337
1.200000000000 0.415770769227
1.250000000000 0.194606358811
1.300000000000 0.190818773740
1.350000000000 0.143879513457
1.400000000000 0.064244755769
1.450000000000 0.016413408781
1.500000000000 0.014766173918
1.550000000000 0.009630675803
1.600000000000 0.021796891140
1.650000000000 0.000313999675
1.700000000000 0.001603967824
1.750000000000 0.003088044635
1.800000000000 0.005434540085
1.850000000000 0.005553022094
1.900000000000 0.002824109796
1.950000000000 0.008351490625
2.000000000000 0.006148535065
2.050000000000 0.006564822640
2.100000000000 0.009061325333
2.150000000000 0.010617406690
2.200000000000 0.030364222613
2.250000000000 0.002441173426
2.300000000000 0.028009549419
2.350000000000 0.006755353125
2.400000000000 0.007767425141
2.450000000000 0.004416030018
2.500000000000 0.016594855345
2.550000000000 0.021145244493
2.600000000000 0.011771160222
2.650000000000 0.019600712803
2.700000000000 0.008753883311
2.750000000000 0.017204303670
2.800000000000 0.027535915266
2.850000000000 0.015214698106
2.900000000000 0.007108114023
2.950000000000 0.007998457573
3.000000000000 0.003786517304
3.050000000000 0.054488531007
3.100000000000 0.009116720237
3.150000000000 0.002073925049
3.200000000000 0.073302827206
3.250000000000 0.004181351098
3.300000000000 0.002807078379
3.350000000000 0.001826743772
3.400000000000 0.002704064024
3.450000000000 0.042266411355
