# hist
0.000000000000 0.000000000000
0.050000000000 0.017483093603
0.100000000000 0.010859900894
0.150000000000 0.025604178135
0.200000000000 0.020552021886
0.250000000000 0.004869368677
0.300000000000 0.055438958700
0.350000000000 0.026995347304
0.400000000000 0.012530770095
0.450000000000 0.041448511934
0.500000000000 0.047908325938
0.550000000000 0.057925329691
0.600000000000 0.301932418750
0.650000000000 1.643670147432
0.700000000000 2.919435355206
0.750000000000 2.781592012640
0.800000000000 2.790589706007
0.850000000000 2.745513591351
0.900000000000 1.514866480916
0.950000000000 1.829571984381
1.000000000000 1.172606336615
1.050000000000 0.427142725711
1.100000000000 0.367212234518
1.150000000000 0.292581502739
1.200000000000 0.312233272905
1.250000000000 0.115441044676
1.300000000000 0.160782605114
1.350000000000 0.112032405652
1.400000000000 0.021060460710
1.450000000000 0.004119690158
1.500000000000 0.008120380580
1.550000000000 0.000034602538
1.600000000000 0.004679376630
1.650000000000 0.000000000000
1.700000000000 0.003950442553
1.750000000000 0.001423888956
1.800000000000 0.006282811136
1.850000000000 0.009814815730
1.900000000000 0.004049804612
1.950000000000 0.014315666087
2.000000000000 0.001152898519
2.050000000000 0.007125930977
2.100000000000 0.004417628248
2.150000000000 0.001572646908
2.200000000000 0.005925345459
2.250000000000 0.000548964338
2.300000000000 0.009636419914
2.350000000000 0.001141392358
2.400000000000 0.000170089168
2.450000000000 0.000491149021
2.500000000000 0.001989100985
2.550000000000 0.008438530203
2.600000000000 0.000124650210
2.650000000000 0.004112676651
2.700000000000 0.007423204526
2.750000000000 0.002782666310
2.800000000000 0.001858101118
2.850000000000 0.008248633373
2.900000000000 0.001303057498
2.950000000000 0.000286861406
3.000000000000 0.002511835762
3.050000000000 0.033738293290
3.100000000000 0.003762052826
3.150000000000 0.003663334771
3.200000000000 0.000799911798
3.250000000000 0.000042939386
3.300000000000 0.000045442056
3.350000000000 0.000008524887
3.400000000000 0.000000000296
3.450000000000 0.000006146574
