# hist
0.000000000000 0.000683587280
0.050000000000 0.000000000000
0.100000000000 0.005464381866
0.150000000000 0.019964684859
0.200000000000 0.274100047713
0.250000000000 0.368937850403
0.300000000000 2.211356647720
0.350000000000 4.050984031397
0.400000000000 3.001462127351
0.450000000000 2.457787192526
0.500000000000 2.569638468521
0.550000000000 0.880190609319
0.600000000000 0.566014098977
0.650000000000 0.768792705608
0.700000000000 0.306152380168
0.750000000000 0.348447470147
0.800000000000 0.143470039595
0.850000000000 0.055609758062
0.900000000000 0.067882477437
0.950000000000 0.114473464786
1.000000000000 0.099096987095
1.050000000000 0.190050280572
1.100000000000 0.354309267805
1.150000000000 0.249797802308
1.200000000000 0.284600958145
1.250000000000 0.054061420179
1.300000000000 0.105191475205
1.350000000000 0.088177227377
1.400000000000 0.007661267094
1.450000000000 0.010190743023
1.500000000000 0.000000000000
1.550000000000 0.016616626864
1.600000000000 0.014411182714
1.650000000000 0.000000000000
1.700000000000 0.000000000000
1.750000000000 0.000000000000
1.800000000000 0.000000000000
1.850000000000 0.000064381800
1.900000000000 0.000000000000
1.950000000000 0.000000000000
2.000000000000 0.000080114689
2.050000000000 0.000000000022
2.100000000000 0.000048333674
2.150000000000 0.000000000000
2.200000000000 0.000051389210
2.250000000000 0.000000000000
2.300000000000 0.040975769659
2.350000000000 0.003998312204
2.400000000000 0.007532856844
2.450000000000 0.000214539446
2.500000000000 0.010397072445
2.550000000000 0.010119476013
2.600000000000 0.020148111137
2.650000000000 0.002605957026
2.700000000000 0.000000000000
2.750000000000 0.000000000000
2.800000000000 0.032933968471
2.850000000000 0.027896109729
2.900000000000 0.000877154915
2.950000000000 0.009459509142
3.000000000000 0.004306616317
3.050000000000 0.000994896579
3.100000000000 0.000000000000
3.150000000000 0.000349299012
3.200000000000 0.000000000000
3.250000000000 0.000380862686
3.300000000000 0.000004041593
3.350000000000 0.007180374947
3.400000000000 0.007882317774
3.450000000000 0.125921272549
