# hist
0.000000000000 0.202029837028
0.050000000000 0.105605921962
0.100000000000 0.706464085276
0.150000000000 1.023381618029
0.200000000000 2.231835773672
0.250000000000 1.717488460201
0.300000000000 2.543719029809
0.350000000000 1.209026838764
0.400000000000 0.433099584644
0.450000000000 0.310384095957
0.500000000000 0.471260818945
0.550000000000 0.228439054931
0.600000000000 0.322519636512
0.650000000000 0.549209098506
0.700000000000 0.773256348309
0.750000000000 0.348093488745
0.800000000000 0.321690547622
0.850000000000 0.246601187446
0.900000000000 0.222483651523
0.950000000000 0.554661657249
1.000000000000 0.588317229307
1.050000000000 0.316384644971
1.100000000000 0.437251072604
1.150000000000 0.434181524867
1.200000000000 0.841577117698
1.250000000000 0.482397774195
1.300000000000 0.414638098060
1.350000000000 0.299257278437
1.400000000000 0.197372667045
1.450000000000 0.047343647794
1.500000000000 0.037529440612
1.550000000000 0.021871473809
1.600000000000 0.046928909562
1.650000000000 0.001255998701
1.700000000000 0.002465428743
1.750000000000 0.010928289584
1.800000000000 0.013617741724
1.850000000000 0.011819541042
1.900000000000 0.007246634573
1.950000000000 0.019090296413
2.000000000000 0.023361127051
2.050000000000 0.019133359559
2.100000000000 0.029744372369
2.150000000000 0.040896979850
2.200000000000 0.115480155784
2.250000000000 0.008884346449
2.300000000000 0.056601596182
2.350000000000 0.021852950867
2.400000000000 0.017859088752
2.450000000000 0.009832665842
2.500000000000 0.046341697496
2.550000000000 0.065167932128
2.600000000000 0.022258059760
2.650000000000 0.023956903876
2.700000000000 0.026746491722
2.750000000000 0.063530811251
2.800000000000 0.067156079839
2.850000000000 0.023329622842
2.900000000000 0.023840024951
2.950000000000 0.022247459412
3.000000000000 0.004618189372
3.050000000000 0.181532640970
3.100000000000 0.018912729525
3.150000000000 0.004211120996
3.200000000000 0.292411397025
3.250000000000 0.000000000000
3.300000000000 0.008488612475
3.350000000000 0.000022015579
3.400000000000 0.002933938025
3.450000000000 0.005922085176
