# hist
0.000000000000 0.004149145638
0.050000000000 0.000000000000
0.100000000000 0.014522488788
0.150000000000 0.014158863348
0.200000000000 0.010217940373
0.250000000000 0.027348698187
0.300000000000 0.259721105085
0.350000000000 0.437262269229
0.400000000000 0.401279144017
0.450000000000 0.894698004764
0.500000000000 2.801274631972
0.550000000000 1.631394920842
0.600000000000 2.064442233054
0.650000000000 3.256629402361
0.700000000000 1.990250792776
0.750000000000 1.091268063960
0.800000000000 0.771620916517
0.850000000000 0.706261418642
0.900000000000 0.406033604288
0.950000000000 0.807721762615
1.000000000000 0.765086345934
1.050000000000 0.326100291912
1.100000000000 0.251379468363
1.150000000000 0.313901203435
1.200000000000 0.224671728161
1.250000000000 0.126525196192
1.300000000000 0.082662916581
1.350000000000 0.076051142362
1.400000000000 0.030884628228
1.450000000000 0.003999554150
1.500000000000 0.013414874481
1.550000000000 0.000000000000
1.600000000000 0.021168095653
1.650000000000 0.000000000000
1.700000000000 0.000000000000
1.750000000000 0.000000000000
1.800000000000 0.001837607482
1.850000000000 0.000513349802
1.900000000000 0.000000000000
1.950000000000 0.000000000000
2.000000000000 0.000000000000
2.050000000000 0.000000000000
2.100000000000 0.002034967040
2.150000000000 0.000000000000
2.200000000000 0.000000000000
2.250000000000 0.000331382917
2.300000000000 0.004824411919
2.350000000000 0.000028757072
2.400000000000 0.005507665801
2.450000000000 0.007125765765
2.500000000000 0.007651550454
2.550000000000 0.000855039630
2.600000000000 0.004553819782
2.650000000000 0.047727313659
2.700000000000 0.000845836995
2.750000000000 0.002503737117
2.800000000000 0.008195511637
2.850000000000 0.001384426481
2.900000000000 0.002412218727
2.950000000000 0.000000000333
3.000000000000 0.003709427766
3.050000000000 0.001688293189
3.100000000000 0.013792098598
3.150000000000 0.000071945419
3.200000000000 0.000000000000
3.250000000000 0.016301602321
3.300000000000 0.002690217393
3.350000000000 0.000096059673
3.400000000000 0.000000000000
3.450000000000 0.037216141122
